0.000000 17005
0.004117 43
0.008234 41
0.012351 51
0.016468 38
0.020585 35
0.024702 29
0.028819 48
0.032936 44
0.037053 46
0.041170 39
0.045287 38
0.049404 39
0.053521 42
0.057638 45
0.061755 48
0.065872 46
0.069989 41
0.074106 34
0.078223 29
0.082340 39
0.086457 38
0.090574 42
0.094691 45
0.098808 36
0.102925 28
0.107042 42
0.111159 32
0.115276 32
0.119393 27
0.123510 46
0.127627 41
0.131744 33
0.135861 35
0.139977 48
0.144094 46
0.148211 34
0.152328 53
0.156445 32
0.160562 46
0.164679 46
0.168796 25
0.172913 33
0.177030 34
0.181147 35
0.185264 39
0.189381 39
0.193498 39
0.197615 36
0.201732 42
0.205849 42
0.209966 41
0.214083 34
0.218200 34
0.222317 43
0.226434 47
0.230551 40
0.234668 42
0.238785 44
0.242902 36
0.247019 33
0.251136 37
0.255253 37
0.259370 23
0.263487 35
0.267604 35
0.271721 47
0.275838 44
0.279955 32
0.284072 41
0.288189 44
0.292306 33
0.296423 41
0.300540 29
0.304657 42
0.308774 40
0.312891 28
0.317008 17
0.321125 49
0.325242 39
0.329359 35
0.333476 31
0.337593 38
0.341710 45
0.345827 39
0.349944 43
0.354061 41
0.358178 37
0.362295 33
0.366412 35
0.370529 31
0.374646 32
0.378763 43
0.382880 34
0.386997 42
0.391114 31
0.395231 49
0.399348 35
0.403465 28
0.407582 35
0.411698 48
0.415815 39
0.419932 43
0.424049 41
0.428166 40
0.432283 28
0.436400 37
0.440517 45
0.444634 37
0.448751 43
0.452868 40
0.456985 39
0.461102 32
0.465219 28
0.469336 35
0.473453 28
0.477570 39
0.481687 33
0.485804 31
0.489921 35
0.494038 49
0.498155 43
0.502272 31
0.506389 31
0.510506 29
0.514623 34
0.518740 30
0.522857 31
0.526974 36
0.531091 46
0.535208 36
0.539325 38
0.543442 28
0.547559 34
0.551676 39
0.555793 34
0.559910 47
0.564027 41
0.568144 31
0.572261 33
0.576378 35
0.580495 36
0.584612 38
0.588729 40
0.592846 35
0.596963 30
0.601080 33
0.605197 28
0.609314 36
0.613431 25
0.617548 30
0.621665 26
0.625782 32
0.629899 27
0.634016 35
0.638133 24
0.642250 36
0.646367 38
0.650484 35
0.654601 37
0.658718 32
0.662835 36
0.666952 32
0.671069 28
0.675186 28
0.679303 38
0.683420 32
0.687536 34
0.691653 30
0.695770 37
0.699887 27
0.704004 33
0.708121 38
0.712238 25
0.716355 32
0.720472 38
0.724589 29
0.728706 31
0.732823 27
0.736940 32
0.741057 39
0.745174 30
0.749291 33
0.753408 32
0.757525 23
0.761642 23
0.765759 26
0.769876 31
0.773993 28
0.778110 29
0.782227 36
0.786344 28
0.790461 36
0.794578 31
0.798695 31
0.802812 37
0.806929 28
0.811046 24
0.815163 40
0.819280 46
0.823397 28
0.827514 23
0.831631 27
0.835748 34
0.839865 25
0.843982 30
0.848099 26
0.852216 31
0.856333 23
0.860450 26
0.864567 28
0.868684 27
0.872801 33
0.876918 36
0.881035 28
0.885152 26
0.889269 30
0.893386 29
0.897503 27
0.901620 24
0.905737 35
0.909854 20
0.913971 29
0.918088 29
0.922205 34
0.926322 40
0.930439 24
0.934556 26
0.938673 27
0.942790 22
0.946907 31
0.951024 25
0.955141 37
0.959257 25
0.963374 25
0.967492 27
0.971608 24
0.975725 29
0.979842 34
0.983959 30
0.988076 33
0.992193 26
0.996310 35
1.000427 18
1.004544 28
1.008661 31
1.012778 18
1.016895 29
1.021012 23
1.025129 23
1.029246 25
1.033363 30
1.037480 35
1.041597 30
1.045714 19
1.049831 29
1.053948 28
1.058065 23
1.062182 24
1.066299 25
1.070416 32
1.074533 32
1.078650 29
1.082767 36
1.086884 25
1.091001 27
1.095118 27
1.099235 23
1.103352 19
1.107469 25
1.111586 23
1.115703 19
1.119820 24
1.123937 21
1.128054 28
1.132171 21
1.136288 25
1.140405 24
1.144522 28
1.148639 19
1.152756 19
1.156873 18
1.160990 8
1.165107 27
1.169224 21
1.173341 29
1.177458 28
1.181575 28
1.185692 24
1.189809 30
1.193926 20
1.198043 24
1.202160 27
1.206277 24
1.210394 34
1.214511 25
1.218628 19
1.222745 25
1.226861 22
1.230978 29
1.235096 19
1.239213 28
1.243330 29
1.247446 24
1.251563 23
1.255680 31
1.259797 24
1.263914 25
1.268031 16
1.272148 22
1.276265 21
1.280382 21
1.284499 22
1.288616 16
1.292733 25
1.296850 22
1.300967 29
1.305084 19
1.309201 26
1.313318 11
1.317435 24
1.321552 17
1.325669 16
1.329786 20
1.333903 17
1.338020 16
1.342137 26
1.346254 22
1.350371 21
1.354488 15
1.358605 29
1.362722 24
1.366839 27
1.370956 21
1.375073 19
1.379190 22
1.383307 19
1.387424 24
1.391541 22
1.395658 26
1.399775 15
1.403892 21
1.408009 26
1.412126 18
1.416243 18
1.420360 19
1.424477 19
1.428594 24
1.432711 18
1.436828 16
1.440945 20
1.445062 22
1.449179 16
1.453296 19
1.457413 19
1.461530 18
1.465647 29
1.469764 23
1.473881 16
1.477998 17
1.482115 14
1.486232 16
1.490349 16
1.494466 25
1.498583 14
1.502699 21
1.506817 18
1.510934 18
1.515051 17
1.519167 14
1.523284 16
1.527401 20
1.531518 23
1.535635 20
1.539752 20
1.543869 17
1.547986 11
1.552103 20
1.556220 23
1.560337 17
1.564454 14
1.568571 13
1.572688 11
1.576805 15
1.580922 19
1.585039 23
1.589156 20
1.593273 18
1.597390 20
1.601507 8
1.605624 17
1.609741 18
1.613858 20
1.617975 13
1.622092 21
1.626209 15
1.630326 18
1.634443 16
1.638560 15
1.642677 18
1.646794 11
1.650911 18
1.655028 14
1.659145 17
1.663262 12
1.667379 13
1.671496 17
1.675613 11
1.679730 12
1.683847 15
1.687964 22
1.692081 18
1.696198 24
1.700315 17
1.704432 13
1.708549 16
1.712666 17
1.716783 14
1.720900 17
1.725017 16
1.729134 13
1.733251 17
1.737368 18
1.741485 9
1.745602 17
1.749719 22
1.753836 13
1.757953 18
1.762070 16
1.766187 12
1.770304 16
1.774420 13
1.778538 14
1.782655 10
1.786772 16
1.790888 10
1.795005 16
1.799122 11
1.803239 14
1.807356 7
1.811473 21
1.815590 11
1.819707 15
1.823824 9
1.827941 16
1.832058 15
1.836175 16
1.840292 11
1.844409 14
1.848526 12
1.852643 14
1.856760 10
1.860877 8
1.864994 16
1.869111 12
1.873228 10
1.877345 26
1.881462 17
1.885579 7
1.889696 15
1.893813 13
1.897930 11
1.902047 13
1.906164 20
1.910281 13
1.914398 13
1.918515 9
1.922632 10
1.926749 17
1.930866 13
1.934983 17
1.939100 11
1.943217 16
1.947334 14
1.951451 12
1.955568 10
1.959685 14
1.963802 14
1.967919 12
1.972036 9
1.976153 15
1.980270 11
1.984387 9
1.988504 10
1.992621 5
1.996738 11
2.000855 12
2.004972 16
2.009089 6
2.013206 12
2.017323 12
2.021440 17
2.025557 17
2.029674 15
2.033791 10
2.037908 12
2.042025 10
2.046142 13
2.050259 8
2.054375 11
2.058492 13
2.062609 7
2.066726 11
2.070843 11
2.074960 16
2.079077 9
2.083194 6
2.087312 11
2.091428 10
2.095545 9
2.099662 7
2.103779 10
2.107896 9
2.112013 10
2.116130 11
2.120247 11
2.124364 9
2.128481 7
2.132598 13
2.136715 13
2.140832 7
2.144949 15
2.149066 9
2.153183 6
2.157300 14
2.161417 12
2.165534 14
2.169651 6
2.173768 7
2.177885 10
2.182002 10
2.186119 12
2.190236 8
2.194353 13
2.198470 8
2.202587 11
2.206704 9
2.210821 11
2.214938 9
2.219055 10
2.223172 12
2.227289 8
2.231406 7
2.235523 11
2.239640 9
2.243757 11
2.247874 11
2.251991 6
2.256108 7
2.260225 10
2.264342 4
2.268459 10
2.272576 7
2.276693 10
2.280810 11
2.284927 8
2.289044 13
2.293161 11
2.297278 9
2.301395 10
2.305512 12
2.309628 16
2.313745 10
2.317863 11
2.321980 10
2.326097 6
2.330214 8
2.334331 5
2.338448 7
2.342565 11
2.346681 10
2.350798 10
2.354915 8
2.359032 5
2.363149 9
2.367266 7
2.371383 12
2.375500 7
2.379617 6
2.383734 5
2.387851 12
2.391968 10
2.396085 8
2.400202 4
2.404319 8
2.408436 8
2.412553 4
2.416670 4
2.420787 4
2.424904 6
2.429021 4
2.433138 5
2.437255 7
2.441372 9
2.445489 5
2.449606 3
2.453723 12
2.457840 10
2.461957 10
2.466074 7
2.470191 4
2.474308 11
2.478425 8
2.482542 6
2.486659 9
2.490776 8
2.494893 7
2.499010 3
2.503127 7
2.507244 7
2.511361 9
2.515478 9
2.519595 9
2.523712 10
2.527829 7
2.531946 12
2.536063 11
2.540180 9
2.544297 5
2.548414 5
2.552531 9
2.556648 7
2.560765 10
2.564882 5
2.568999 13
2.573116 10
2.577233 14
2.581350 8
2.585467 2
2.589584 7
2.593701 4
2.597818 11
2.601934 3
2.606051 4
2.610168 5
2.614285 7
2.618402 9
2.622519 7
2.626637 1
2.630754 8
2.634871 10
2.638987 5
2.643104 2
2.647221 4
2.651338 9
2.655455 5
2.659572 5
2.663689 3
2.667806 7
2.671923 9
2.676040 8
2.680157 6
2.684274 8
2.688391 6
2.692508 5
2.696625 10
2.700742 5
2.704859 6
2.708976 11
2.713093 5
2.717210 9
2.721327 4
2.725444 10
2.729561 1
2.733678 10
2.737795 5
2.741912 1
2.746029 8
2.750146 2
2.754263 4
2.758380 3
2.762497 1
2.766614 10
2.770731 5
2.774848 3
2.778965 4
2.783082 3
2.787199 4
2.791316 6
2.795433 6
2.799550 2
2.803667 7
2.807784 9
2.811901 6
2.816018 2
2.820135 3
2.824252 5
2.828369 7
2.832486 2
2.836603 3
2.840720 12
2.844837 5
2.848954 6
2.853070 2
2.857188 6
2.861305 4
2.865422 6
2.869539 5
2.873656 5
2.877773 0
2.881890 4
2.886007 2
2.890123 5
2.894240 4
2.898357 4
2.902474 2
2.906591 7
2.910708 4
2.914825 5
2.918942 3
2.923059 5
2.927176 3
2.931293 9
2.935410 3
2.939527 5
2.943644 1
2.947761 5
2.951878 3
2.955995 3
2.960112 7
2.964229 4
2.968346 5
2.972463 8
2.976580 7
2.980697 7
2.984814 3
2.988931 4
2.993048 3
2.997165 5
3.001282 5
3.005399 7
3.009516 6
3.013633 7
3.017750 3
3.021867 9
3.025984 7
3.030101 3
3.034218 3
3.038335 5
3.042452 3
3.046569 2
3.050686 2
3.054803 5
3.058920 6
3.063037 5
3.067154 3
3.071271 5
3.075388 4
3.079505 3
3.083622 3
3.087739 3
3.091856 3
3.095973 5
3.100090 2
3.104207 1
3.108324 10
3.112441 3
3.116558 2
3.120675 4
3.124792 6
3.128909 3
3.133026 6
3.137143 5
3.141260 3
3.145376 3
3.149493 6
3.153610 1
3.157727 1
3.161844 6
3.165962 3
3.170079 4
3.174196 5
3.178313 5
3.182429 2
3.186546 4
3.190663 5
3.194780 2
3.198897 1
3.203014 6
3.207131 5
3.211248 2
3.215365 3
3.219482 1
3.223599 2
3.227716 4
3.231833 1
3.235950 3
3.240067 3
3.244184 0
3.248301 3
3.252418 3
3.256535 2
3.260652 5
3.264769 5
3.268886 3
3.273003 3
3.277120 2
3.281237 4
3.285354 3
3.289471 2
3.293588 4
3.297705 4
3.301822 5
3.305939 4
3.310056 2
3.314173 2
3.318290 4
3.322407 2
3.326524 5
3.330641 2
3.334758 2
3.338875 4
3.342992 7
3.347109 8
3.351226 2
3.355343 3
3.359460 4
3.363577 3
3.367694 2
3.371811 3
3.375928 1
3.380045 4
3.384162 0
3.388279 3
3.392396 1
3.396513 3
3.400630 2
3.404747 2
3.408864 5
3.412981 0
3.417098 4
3.421215 1
3.425332 1
3.429449 0
3.433566 4
3.437682 3
3.441799 5
3.445916 4
3.450033 3
3.454150 3
3.458267 2
3.462384 3
3.466501 2
3.470618 2
3.474735 1
3.478852 3
3.482969 3
3.487086 2
3.491203 2
3.495320 0
3.499437 1
3.503554 1
3.507671 3
3.511788 2
3.515905 6
3.520022 1
3.524139 3
3.528256 6
3.532373 0
3.536490 2
3.540607 1
3.544724 3
3.548841 4
3.552958 2
3.557075 1
3.561192 1
3.565309 0
3.569426 3
3.573543 2
3.577660 1
3.581777 3
3.585894 4
3.590011 1
3.594128 0
3.598245 4
3.602362 4
3.606479 2
3.610596 3
3.614713 1
3.618830 0
3.622947 1
3.627064 0
3.631181 2
3.635298 1
3.639415 1
3.643532 2
3.647649 0
3.651766 2
3.655883 2
3.660000 3
3.664117 1
3.668234 1
3.672351 2
3.676468 0
3.680585 1
3.684702 1
3.688818 1
3.692935 4
3.697052 3
3.701169 2
3.705287 1
3.709404 4
3.713521 1
3.717638 2
3.721755 3
3.725871 1
3.729988 3
3.734105 4
3.738222 2
3.742339 3
3.746456 3
3.750573 1
3.754690 2
3.758807 1
3.762924 2
3.767041 1
3.771158 1
3.775275 2
3.779392 5
3.783509 2
3.787626 4
3.791743 2
3.795860 2
3.799977 2
3.804094 1
3.808211 4
3.812328 1
3.816445 3
3.820562 3
3.824679 3
3.828796 4
3.832913 4
3.837030 2
3.841147 0
3.845264 1
3.849381 1
3.853498 3
3.857615 4
3.861732 0
3.865849 0
3.869966 2
3.874083 2
3.878200 2
3.882317 1
3.886434 0
3.890551 1
3.894668 1
3.898785 1
3.902902 2
3.907019 4
3.911136 3
3.915253 2
3.919370 1
3.923487 1
3.927604 1
3.931721 2
3.935838 3
3.939955 2
3.944072 2
3.948189 0
3.952306 0
3.956423 1
3.960540 0
3.964657 1
3.968774 1
3.972891 1
3.977008 0
3.981124 2
3.985241 2
3.989358 1
3.993475 1
3.997592 1
4.001709 2
4.005826 2
4.009943 1
4.014060 0
4.018178 2
4.022295 0
4.026412 3
4.030529 4
4.034645 0
4.038762 1
4.042879 1
4.046996 3
4.051113 2
4.055230 0
4.059347 2
4.063464 0
4.067581 1
4.071698 0
4.075815 1
4.079932 1
4.084049 1
4.088166 0
4.092283 4
4.096400 3
4.100517 1
4.104634 1
4.108751 0
4.112868 0
4.116985 0
4.121102 2
4.125219 1
4.129336 1
4.133453 1
4.137570 0
4.141687 1
4.145804 0
4.149921 0
4.154038 1
4.158155 0
4.162272 1
4.166389 0
4.170506 2
4.174623 1
4.178740 1
4.182857 2
4.186974 0
4.191091 1
4.195208 0
4.199325 1
4.203442 3
4.207559 3
4.211676 1
4.215793 2
4.219910 1
4.224027 0
4.228144 0
4.232261 2
4.236378 2
4.240495 0
4.244612 3
4.248729 0
4.252845 0
4.256962 0
4.261079 0
4.265196 0
4.269313 0
4.273430 4
4.277547 1
4.281664 0
4.285781 0
4.289898 1
4.294015 1
4.298132 1
4.302249 1
4.306366 1
4.310483 0
4.314600 1
4.318717 0
4.322834 0
4.326951 0
4.331068 0
4.335185 1
4.339302 1
4.343419 1
4.347536 1
4.351653 1
4.355770 0
4.359887 0
4.364004 1
4.368121 0
4.372238 1
4.376355 2
4.380472 0
4.384589 1
4.388706 0
4.392823 1
4.396940 0
4.401057 1
4.405174 1
4.409291 0
4.413408 0
4.417525 0
4.421642 2
4.425759 2
4.429876 0
4.433993 1
4.438110 0
4.442227 0
4.446344 0
4.450461 3
4.454578 1
4.458695 0
4.462812 1
4.466929 0
4.471045 1
4.475163 2
4.479280 0
4.483397 2
4.487514 2
4.491631 1
4.495748 1
4.499865 1
4.503982 0
4.508099 1
4.512216 1
4.516333 0
4.520450 0
4.524567 0
4.528684 1
4.532801 0
4.536918 0
4.541035 1
4.545151 1
4.549268 0
4.553385 0
4.557502 0
4.561619 2
4.565736 0
4.569853 0
4.573970 0
4.578087 1
4.582204 2
4.586321 1
4.590438 2
4.594555 2
4.598672 0
4.602789 2
4.606906 0
4.611023 2
4.615140 1
4.619257 0
4.623374 0
4.627491 2
4.631608 1
4.635725 1
4.639842 1
4.643959 0
4.648076 0
4.652193 0
4.656310 0
4.660427 1
4.664544 2
4.668661 0
4.672778 0
4.676895 2
4.681012 0
4.685129 1
4.689246 3
4.693363 1
4.697480 0
4.701597 1
4.705714 0
4.709831 1
4.713948 1
4.718065 1
4.722182 1
4.726299 0
4.730416 1
4.734533 0
4.738650 0
4.742767 2
4.746884 1
4.751001 2
4.755118 2
4.759235 0
4.763351 3
4.767468 2
4.771585 0
4.775702 1
4.779819 1
4.783937 0
4.788054 1
4.792171 2
4.796288 3
4.800405 1
4.804522 1
4.808639 0
4.812756 0
4.816873 0
4.820990 0
4.825107 0
4.829224 1
4.833341 0
4.837457 3
4.841574 2
4.845691 2
4.849808 0
4.853925 0
4.858042 1
4.862159 0
4.866276 0
4.870393 2
4.874510 2
4.878627 1
4.882744 0
4.886861 1
4.890978 1
4.895095 1
4.899212 0
4.903329 0
4.907446 1
4.911563 2
4.915680 2
4.919797 1
4.923914 0
4.928031 2
4.932148 1
4.936265 2
4.940382 0
4.944499 1
4.948616 2
4.952733 1
4.956850 0
4.960967 1
4.965084 1
4.969201 0
4.973318 1
4.977435 1
4.981552 1
4.985669 0
4.989786 0
4.993903 0
4.998020 0
5.002137 0
5.006254 0
5.010371 0
5.014488 0
5.018605 0
5.022722 0
5.026839 0
5.030956 1
5.035073 0
5.039190 0
5.043307 0
5.047424 0
5.051541 1
5.055657 1
5.059774 1
5.063891 1
5.068008 0
5.072125 2
5.076242 0
5.080359 0
5.084476 0
5.088593 1
5.092710 1
5.096828 0
5.100945 0
5.105062 0
5.109179 0
5.113296 0
5.117413 2
5.121530 2
5.125646 0
5.129763 0
5.133880 0
5.137997 1
5.142114 0
5.146231 2
5.150348 0
5.154465 0
5.158582 0
5.162699 0
5.166816 0
5.170933 1
5.175050 0
5.179167 0
5.183284 0
5.187401 0
5.191518 1
5.195635 0
5.199752 0
5.203869 0
5.207986 0
5.212103 0
5.216220 0
5.220337 1
5.224454 0
5.228571 1
5.232688 1
5.236805 0
5.240922 0
5.245039 2
5.249156 0
5.253273 1
5.257390 1
5.261507 0
5.265624 1
5.269741 0
5.273858 0
5.277975 0
5.282092 2
5.286209 0
5.290326 0
5.294443 1
5.298560 0
5.302677 0
5.306794 1
5.310911 1
5.315028 0
5.319145 1
5.323262 0
5.327379 1
5.331496 0
5.335613 0
5.339730 1
5.343846 0
5.347963 0
5.352080 1
5.356197 0
5.360314 0
5.364431 0
5.368548 0
5.372665 1
5.376782 0
5.380899 0
5.385016 0
5.389133 0
5.393250 1
5.397367 0
5.401484 0
5.405602 0
5.409719 0
5.413836 0
5.417952 0
5.422069 0
5.426186 0
5.430303 0
5.434420 0
5.438537 0
5.442654 0
5.446771 0
5.450888 0
5.455005 0
5.459122 1
5.463239 0
5.467356 0
5.471473 0
5.475590 0
5.479707 0
5.483824 2
5.487941 0
5.492058 0
5.496175 0
5.500292 2
5.504409 0
5.508526 0
5.512643 1
5.516760 0
5.520877 0
5.524994 1
5.529111 0
5.533228 0
5.537345 0
5.541462 0
5.545579 0
5.549696 1
5.553813 0
5.557930 0
5.562047 0
5.566164 1
5.570281 1
5.574398 0
5.578515 0
5.582632 1
5.586749 0
5.590866 1
5.594983 0
5.599100 0
5.603217 0
5.607334 0
5.611451 0
5.615568 0
5.619685 0
5.623802 0
5.627919 0
5.632036 0
5.636152 0
5.640269 1
5.644386 0
5.648503 0
5.652620 0
5.656737 0
5.660854 0
5.664971 1
5.669088 0
5.673205 0
5.677322 0
5.681439 0
5.685556 0
5.689673 0
5.693790 1
5.697907 0
5.702024 0
5.706141 0
5.710258 0
5.714375 0
5.718492 0
5.722609 0
5.726726 0
5.730843 0
5.734960 0
5.739077 1
5.743194 0
5.747311 0
5.751428 0
5.755545 0
5.759662 1
5.763779 0
5.767896 0
5.772013 0
5.776130 0
5.780247 0
5.784364 1
5.788481 0
5.792598 0
5.796715 0
5.800832 0
5.804949 0
5.809066 0
5.813183 0
5.817300 0
5.821417 0
5.825534 1
5.829651 1
5.833768 1
5.837885 0
5.842002 0
5.846119 0
5.850236 0
5.854352 1
5.858469 0
5.862586 0
5.866704 0
5.870821 0
5.874938 0
5.879055 0
5.883172 0
5.887289 0
5.891406 0
5.895523 0
5.899640 1
5.903757 0
5.907874 0
5.911991 0
5.916108 1
5.920225 0
5.924341 0
5.928458 0
5.932575 0
5.936692 0
5.940809 1
5.944926 0
5.949043 0
5.953160 0
5.957277 0
5.961394 1
5.965511 0
5.969628 0
5.973745 1
5.977862 0
5.981979 0
5.986096 0
5.990213 0
5.994330 0
5.998447 0
6.002564 0
6.006681 0
6.010798 0
6.014915 0
6.019032 0
6.023149 0
6.027266 0
6.031383 1
6.035500 0
6.039617 0
6.043734 0
6.047851 0
6.051968 0
6.056085 0
6.060202 1
6.064319 0
6.068436 0
6.072553 0
6.076670 0
6.080787 0
6.084904 0
6.089021 0
6.093138 0
6.097255 1
6.101372 0
6.105489 1
6.109606 0
6.113723 0
6.117840 0
6.121957 0
6.126074 0
6.130191 0
6.134308 0
6.138425 0
6.142541 1
6.146658 0
6.150775 0
6.154892 1
6.159009 0
6.163126 0
6.167243 0
6.171360 1
6.175478 1
6.179595 0
6.183712 0
6.187829 0
6.191946 0
6.196063 0
6.200180 0
6.204297 0
6.208414 0
6.212531 0
6.216647 0
6.220764 0
6.224881 0
6.228998 0
6.233115 0
6.237232 0
6.241349 0
6.245466 0
6.249583 0
6.253700 0
6.257817 1
6.261934 0
6.266051 0
6.270168 0
6.274285 0
6.278402 0
6.282519 0
6.286636 0
6.290753 0
6.294870 0
6.298987 0
6.303104 0
6.307221 1
6.311338 0
6.315455 1
6.319572 0
6.323689 0
6.327806 0
6.331923 0
6.336040 0
6.340157 0
6.344274 0
6.348391 0
6.352508 0
6.356625 1
6.360742 0
6.364859 1
6.368976 0
6.373093 0
6.377210 0
6.381327 0
6.385444 0
6.389561 0
6.393678 0
6.397795 0
6.401912 0
6.406029 0
6.410146 0
6.414263 1
6.418380 2
6.422497 0
6.426614 0
6.430731 0
6.434847 0
6.438964 0
6.443081 0
6.447198 0
6.451315 0
6.455432 0
6.459549 0
6.463666 1
6.467783 0
6.471900 0
6.476017 0
6.480134 0
6.484251 0
6.488369 0
6.492486 0
6.496603 2
6.500720 1
6.504837 0
6.508953 0
6.513070 0
6.517187 0
6.521304 0
6.525421 0
6.529538 0
6.533655 0
6.537772 0
6.541889 0
6.546006 1
6.550123 0
6.554240 0
6.558357 0
6.562474 0
6.566591 1
6.570708 0
6.574825 0
6.578942 0
6.583059 0
6.587176 0
6.591293 0
6.595410 0
6.599527 0
6.603644 0
6.607761 0
6.611878 0
6.615995 0
6.620112 1
6.624229 0
6.628346 0
6.632463 0
6.636580 0
6.640697 0
6.644814 0
6.648931 0
6.653048 0
6.657165 0
6.661282 0
6.665399 0
6.669516 0
6.673633 0
6.677750 0
6.681867 0
6.685984 0
6.690101 0
6.694218 0
6.698335 1
6.702452 0
6.706569 0
6.710686 0
6.714803 0
6.718920 0
6.723037 0
6.727153 0
6.731270 0
6.735387 0
6.739504 0
6.743621 0
6.747738 0
6.751855 0
6.755972 0
6.760089 1
6.764206 1
6.768323 0
6.772440 0
6.776557 0
6.780674 0
6.784791 0
6.788908 0
6.793025 1
6.797142 0
6.801259 0
6.805376 0
6.809493 0
6.813610 0
6.817727 0
6.821844 0
6.825961 0
6.830078 0
6.834195 0
6.838312 0
6.842429 0
6.846546 0
6.850663 0
6.854780 0
6.858897 0
6.863014 0
6.867131 0
6.871248 0
6.875365 0
6.879482 0
6.883599 0
6.887716 0
6.891833 0
6.895950 0
6.900067 0
6.904184 0
6.908301 0
6.912418 0
6.916535 0
6.920652 0
6.924769 0
6.928886 0
6.933003 0
6.937120 1
6.941237 0
6.945354 0
6.949471 0
6.953588 0
6.957705 0
6.961822 0
6.965939 0
6.970056 0
6.974173 0
6.978290 0
6.982407 0
6.986524 0
6.990641 0
6.994758 0
6.998875 0
7.002992 0
7.007109 0
7.011226 0
7.015342 0
7.019459 0
7.023576 0
7.027693 0
7.031810 0
7.035927 0
7.040044 0
7.044161 0
7.048278 0
7.052395 0
7.056512 0
7.060629 0
7.064746 0
7.068863 0
7.072980 0
7.077097 0
7.081214 0
7.085331 0
7.089448 0
7.093565 0
7.097682 0
7.101799 0
7.105916 0
7.110033 1
7.114150 0
7.118267 0
7.122384 0
7.126501 0
7.130618 0
7.134735 0
7.138852 1
7.142969 0
7.147086 0
7.151203 0
7.155320 0
7.159437 0
7.163554 0
7.167671 0
7.171788 0
7.175905 0
7.180022 0
7.184139 0
7.188256 0
7.192373 0
7.196490 0
7.200607 0
7.204724 1
7.208841 0
7.212958 0
7.217075 0
7.221192 0
7.225309 0
7.229426 0
7.233542 0
7.237659 0
7.241776 0
7.245893 0
7.250010 0
7.254128 0
7.258245 0
7.262362 0
7.266479 0
7.270596 0
7.274713 0
7.278830 0
7.282947 0
7.287064 0
7.291181 0
7.295298 0
7.299415 0
7.303532 0
7.307648 0
7.311765 0
7.315882 0
7.319999 0
7.324116 0
7.328233 0
7.332350 0
7.336467 0
7.340584 0
7.344701 0
7.348818 0
7.352935 0
7.357052 0
7.361169 0
7.365286 0
7.369403 0
7.373520 0
7.377637 0
7.381754 0
7.385871 0
7.389988 0
7.394105 0
7.398222 0
7.402339 0
7.406456 0
7.410573 0
7.414690 0
7.418807 0
7.422924 0
7.427041 0
7.431158 0
7.435275 0
7.439392 0
7.443509 0
7.447626 0
7.451743 0
7.455860 0
7.459977 0
7.464094 0
7.468211 0
7.472328 0
7.476445 0
7.480562 0
7.484679 0
7.488796 0
7.492913 0
7.497030 0
7.501147 0
7.505264 0
7.509381 0
7.513498 0
7.517615 0
7.521732 0
7.525848 0
7.529965 0
7.534082 0
7.538199 0
7.542316 0
7.546433 0
7.550550 0
7.554667 0
7.558784 0
7.562901 0
7.567019 0
7.571136 0
7.575253 0
7.579370 0
7.583487 0
7.587604 0
7.591721 0
7.595837 0
7.599954 0
7.604071 0
7.608188 0
7.612305 0
7.616422 0
7.620539 0
7.624656 0
7.628773 0
7.632890 0
7.637007 1
7.641124 0
7.645241 1
7.649358 0
7.653475 0
7.657592 0
7.661709 0
7.665826 0
7.669943 0
7.674060 0
7.678177 0
7.682294 0
7.686411 0
7.690528 0
7.694645 0
7.698762 0
7.702879 0
7.706996 0
7.711113 0
7.715230 0
7.719347 0
7.723464 0
7.727581 0
7.731698 0
7.735815 0
7.739932 0
7.744049 0
7.748166 0
7.752283 0
7.756400 0
7.760517 0
7.764634 0
7.768751 0
7.772868 0
7.776985 0
7.781102 0
7.785219 0
7.789336 0
7.793453 0
7.797570 0
7.801687 0
7.805804 0
7.809921 0
7.814037 0
7.818154 0
7.822271 0
7.826388 0
7.830505 0
7.834622 0
7.838739 0
7.842856 0
7.846973 0
7.851090 0
7.855207 1
7.859324 0
7.863441 0
7.867558 0
7.871675 0
7.875793 0
7.879910 0
7.884027 0
7.888143 0
7.892260 0
7.896377 0
7.900494 0
7.904611 0
7.908728 0
7.912845 0
7.916962 0
7.921079 1
7.925196 0
7.929313 0
7.933430 0
7.937547 0
7.941664 0
7.945781 0
7.949898 0
7.954015 0
7.958132 0
7.962249 0
7.966366 0
7.970483 0
7.974600 0
7.978717 0
7.982834 0
7.986951 0
7.991068 0
7.995185 0
7.999302 0
8.003419 0
8.007536 0
8.011653 0
8.015770 0
8.019887 0
8.024004 0
8.028121 0
8.032238 0
8.036355 0
8.040472 0
8.044589 0
8.048706 0
8.052823 0
8.056940 0
8.061057 0
8.065174 0
8.069290 0
8.073407 0
8.077524 0
8.081641 0
8.085758 0
8.089875 0
8.093992 0
8.098109 0
8.102226 0
8.106343 0
8.110460 0
8.114577 0
8.118694 0
8.122811 0
8.126928 0
8.131045 0
8.135162 0
8.139279 1
8.143396 0
8.147513 0
8.151630 0
8.155747 0
8.159864 0
8.163981 0
8.168098 0
8.172215 0
8.176332 0
8.180449 0
8.184566 0
8.188684 0
8.192801 0
8.196918 0
8.201035 0
8.205152 0
8.209269 0
8.213386 0
8.217502 0
8.221619 0
8.225736 0
8.229853 1
8.233970 0
8.238087 0
8.242204 0
8.246321 0
8.250438 0
8.254555 0
8.258672 0
8.262789 0
8.266906 0
8.271023 0
8.275140 0
8.279257 0
8.283374 0
8.287491 0
8.291608 0
8.295725 0
8.299842 0
8.303959 0
8.308076 0
8.312193 0
8.316310 0
8.320427 0
8.324544 0
8.328661 0
8.332778 0
8.336895 0
8.341012 0
8.345129 0
8.349246 0
8.353363 0
8.357480 0
8.361596 0
8.365713 0
8.369830 0
8.373947 0
8.378064 0
8.382181 0
8.386298 0
8.390415 0
8.394532 0
8.398649 0
8.402766 0
8.406883 0
8.411000 0
8.415117 0
8.419234 0
8.423351 0
8.427468 1
