0.000000 14305
0.003808 42
0.007616 28
0.011424 41
0.015231 38
0.019039 36
0.022847 20
0.026655 44
0.030463 29
0.034271 22
0.038079 38
0.041887 23
0.045694 34
0.049502 25
0.053310 41
0.057118 55
0.060926 35
0.064734 33
0.068542 32
0.072350 34
0.076157 39
0.079965 23
0.083773 35
0.087581 27
0.091389 39
0.095197 32
0.099005 44
0.102813 51
0.106620 40
0.110428 20
0.114236 43
0.118044 29
0.121852 45
0.125660 40
0.129468 25
0.133276 33
0.137083 59
0.140891 43
0.144699 32
0.148507 33
0.152315 38
0.156123 37
0.159931 30
0.163739 25
0.167546 26
0.171354 32
0.175162 36
0.178970 38
0.182778 43
0.186586 30
0.190394 30
0.194201 35
0.198009 29
0.201817 18
0.205625 51
0.209433 46
0.213241 25
0.217049 26
0.220857 31
0.224664 27
0.228472 30
0.232280 34
0.236088 48
0.239896 38
0.243704 10
0.247512 30
0.251320 8
0.255127 58
0.258935 26
0.262743 40
0.266551 30
0.270359 30
0.274167 41
0.277975 34
0.281783 44
0.285590 43
0.289398 34
0.293206 49
0.297014 18
0.300822 35
0.304630 22
0.308438 34
0.312246 45
0.316053 52
0.319861 30
0.323669 40
0.327477 39
0.331285 39
0.335093 30
0.338901 35
0.342709 51
0.346516 42
0.350324 35
0.354132 27
0.357940 29
0.361748 32
0.365556 23
0.369364 38
0.373172 45
0.376979 61
0.380787 23
0.384595 24
0.388403 31
0.392211 33
0.396019 38
0.399827 40
0.403634 33
0.407442 36
0.411250 38
0.415058 48
0.418866 40
0.422674 39
0.426482 23
0.430290 33
0.434097 39
0.437905 33
0.441713 26
0.445521 38
0.449329 40
0.453137 47
0.456945 32
0.460753 36
0.464560 27
0.468368 39
0.472176 44
0.475984 33
0.479792 44
0.483600 38
0.487408 33
0.491216 32
0.495023 28
0.498831 38
0.502639 45
0.506447 27
0.510255 31
0.514063 33
0.517871 30
0.521679 39
0.525486 32
0.529294 41
0.533102 35
0.536910 40
0.540718 47
0.544526 23
0.548334 31
0.552142 35
0.555949 34
0.559757 38
0.563565 49
0.567373 33
0.571181 39
0.574989 39
0.578797 43
0.582605 43
0.586412 50
0.590220 22
0.594028 50
0.597836 41
0.601644 47
0.605452 32
0.609260 38
0.613068 33
0.616875 27
0.620683 31
0.624491 44
0.628299 26
0.632107 36
0.635915 39
0.639723 38
0.643530 29
0.647338 40
0.651146 35
0.654954 22
0.658762 39
0.662570 27
0.666378 20
0.670186 44
0.673993 35
0.677801 22
0.681609 34
0.685417 49
0.689225 43
0.693033 32
0.696841 32
0.700649 31
0.704456 40
0.708264 56
0.712072 27
0.715880 36
0.719688 44
0.723496 46
0.727304 29
0.731112 35
0.734919 35
0.738727 45
0.742535 27
0.746343 25
0.750151 37
0.753959 29
0.757767 44
0.761575 16
0.765382 30
0.769190 21
0.772998 38
0.776806 17
0.780614 31
0.784422 43
0.788230 49
0.792037 28
0.795845 31
0.799653 27
0.803461 21
0.807269 34
0.811077 35
0.814885 29
0.818693 30
0.822500 20
0.826308 44
0.830116 27
0.833924 20
0.837732 32
0.841540 31
0.845348 35
0.849156 40
0.852963 18
0.856771 40
0.860579 27
0.864387 28
0.868195 29
0.872003 39
0.875811 24
0.879619 33
0.883426 32
0.887234 18
0.891042 23
0.894850 47
0.898658 39
0.902466 35
0.906274 28
0.910082 30
0.913889 29
0.917697 32
0.921505 24
0.925313 40
0.929121 47
0.932929 44
0.936737 29
0.940544 12
0.944352 33
0.948160 27
0.951968 34
0.955776 14
0.959584 40
0.963392 34
0.967200 28
0.971007 33
0.974815 38
0.978623 51
0.982431 31
0.986239 25
0.990047 25
0.993855 15
0.997663 38
1.001470 26
1.005278 39
1.009086 47
1.012894 23
1.016702 34
1.020510 16
1.024318 26
1.028126 44
1.031933 26
1.035741 32
1.039549 28
1.043357 47
1.047165 35
1.050973 20
1.054781 19
1.058589 26
1.062396 30
1.066204 28
1.070012 22
1.073820 43
1.077628 27
1.081436 30
1.085244 30
1.089051 15
1.092859 24
1.096667 23
1.100475 27
1.104283 19
1.108091 37
1.111899 16
1.115707 25
1.119514 30
1.123322 25
1.127130 19
1.130938 26
1.134746 29
1.138554 15
1.142362 31
1.146170 31
1.149977 39
1.153785 19
1.157593 33
1.161401 29
1.165209 11
1.169017 27
1.172825 25
1.176633 23
1.180440 8
1.184248 32
1.188056 29
1.191864 22
1.195672 29
1.199480 30
1.203288 26
1.207096 21
1.210903 26
1.214711 32
1.218519 24
1.222327 19
1.226135 34
1.229943 25
1.233751 31
1.237559 35
1.241366 29
1.245174 23
1.248982 23
1.252790 19
1.256598 41
1.260406 23
1.264214 33
1.268022 30
1.271829 38
1.275637 23
1.279445 23
1.283253 22
1.287061 33
1.290869 16
1.294677 35
1.298485 27
1.302292 19
1.306100 23
1.309908 41
1.313716 10
1.317524 27
1.321332 38
1.325140 30
1.328948 29
1.332755 36
1.336563 14
1.340371 25
1.344179 30
1.347987 25
1.351795 27
1.355603 32
1.359411 34
1.363218 29
1.367026 19
1.370834 24
1.374642 23
1.378450 13
1.382258 36
1.386066 27
1.389874 13
1.393681 39
1.397489 24
1.401297 19
1.405105 27
1.408913 38
1.412721 32
1.416529 39
1.420336 39
1.424144 27
1.427952 21
1.431760 35
1.435568 27
1.439376 30
1.443184 26
1.446992 30
1.450799 27
1.454607 40
1.458415 25
1.462223 35
1.466031 27
1.469839 23
1.473647 14
1.477455 20
1.481262 20
1.485070 20
1.488878 38
1.492686 27
1.496494 26
1.500302 23
1.504110 33
1.507918 29
1.511725 20
1.515533 32
1.519341 24
1.523149 23
1.526957 16
1.530765 11
1.534573 17
1.538381 27
1.542188 29
1.545996 18
1.549804 36
1.553612 26
1.557420 28
1.561228 27
1.565036 16
1.568843 18
1.572651 18
1.576459 20
1.580267 15
1.584075 21
1.587883 22
1.591691 24
1.595499 23
1.599306 14
1.603114 27
1.606922 25
1.610730 21
1.614538 28
1.618346 26
1.622154 13
1.625962 14
1.629769 8
1.633577 25
1.637385 26
1.641193 32
1.645001 26
1.648809 22
1.652617 11
1.656425 18
1.660232 16
1.664040 20
1.667848 29
1.671656 28
1.675464 20
1.679272 19
1.683080 43
1.686888 45
1.690695 27
1.694503 20
1.698311 8
1.702119 26
1.705927 23
1.709735 12
1.713543 15
1.717350 27
1.721158 8
1.724966 21
1.728774 28
1.732582 34
1.736390 22
1.740198 22
1.744006 26
1.747813 15
1.751621 23
1.755429 24
1.759237 14
1.763045 26
1.766853 17
1.770661 11
1.774469 18
1.778276 13
1.782084 9
1.785892 31
1.789700 28
1.793508 18
1.797316 20
1.801124 21
1.804932 18
1.808739 30
1.812547 4
1.816355 14
1.820163 13
1.823971 15
1.827779 21
1.831587 21
1.835395 28
1.839202 4
1.843010 20
1.846818 17
1.850626 11
1.854434 11
1.858242 18
1.862050 18
1.865858 12
1.869665 9
1.873473 32
1.877281 13
1.881089 27
1.884897 9
1.888705 12
1.892513 16
1.896321 9
1.900128 16
1.903936 19
1.907744 27
1.911552 13
1.915360 16
1.919168 30
1.922976 14
1.926784 20
1.930591 17
1.934399 19
1.938207 9
1.942015 6
1.945823 12
1.949631 16
1.953439 23
1.957247 13
1.961054 13
1.964862 27
1.968670 8
1.972478 14
1.976286 14
1.980094 21
1.983902 9
1.987710 17
1.991517 11
1.995325 24
1.999133 12
2.002941 11
2.006749 6
2.010557 2
2.014364 13
2.018173 15
2.021980 20
2.025788 8
2.029596 16
2.033404 28
2.037212 17
2.041020 15
2.044827 10
2.048635 13
2.052443 13
2.056251 18
2.060059 11
2.063867 26
2.067675 16
2.071483 23
2.075290 23
2.079098 19
2.082906 11
2.086714 16
2.090522 16
2.094330 14
2.098138 30
2.101946 8
2.105753 18
2.109561 12
2.113369 13
2.117177 5
2.120985 16
2.124793 22
2.128601 0
2.132409 6
2.136216 15
2.140024 6
2.143832 11
2.147640 6
2.151448 9
2.155256 7
2.159064 6
2.162872 11
2.166679 14
2.170487 12
2.174295 9
2.178103 16
2.181911 11
2.185719 10
2.189527 8
2.193335 14
2.197142 14
2.200950 11
2.204758 17
2.208566 11
2.212374 17
2.216182 3
2.219990 17
2.223798 13
2.227605 11
2.231413 11
2.235221 6
2.239029 19
2.242837 17
2.246645 15
2.250453 20
2.254261 17
2.258068 9
2.261876 7
2.265684 8
2.269492 8
2.273300 9
2.277108 9
2.280916 13
2.284724 17
2.288531 7
2.292339 10
2.296147 9
2.299955 20
2.303763 2
2.307571 20
2.311379 26
2.315187 21
2.318994 18
2.322802 16
2.326610 10
2.330418 6
2.334226 14
2.338034 6
2.341842 10
2.345649 16
2.349457 19
2.353265 7
2.357073 11
2.360881 10
2.364689 8
2.368497 12
2.372305 13
2.376112 11
2.379920 12
2.383728 7
2.387536 8
2.391344 17
2.395152 12
2.398960 18
2.402768 17
2.406575 11
2.410383 15
2.414191 10
2.417999 14
2.421807 10
2.425615 12
2.429423 8
2.433231 12
2.437038 5
2.440846 5
2.444654 24
2.448462 19
2.452270 4
2.456078 4
2.459886 21
2.463694 6
2.467501 14
2.471309 14
2.475117 10
2.478925 8
2.482733 8
2.486541 10
2.490349 10
2.494157 5
2.497964 5
2.501772 16
2.505580 4
2.509388 8
2.513196 10
2.517004 8
2.520812 18
2.524620 8
2.528427 4
2.532235 10
2.536043 6
2.539851 12
2.543659 4
2.547467 12
2.551275 6
2.555083 6
2.558890 5
2.562698 8
2.566506 10
2.570314 4
2.574122 14
2.577930 16
2.581738 2
2.585546 8
2.589353 4
2.593161 23
2.596969 2
2.600777 6
2.604585 2
2.608393 5
2.612200 10
2.616009 12
2.619816 4
2.623624 10
2.627432 2
2.631240 10
2.635048 0
2.638856 2
2.642663 12
2.646472 6
2.650279 3
2.654087 4
2.657895 8
2.661703 2
2.665511 13
2.669319 12
2.673126 7
2.676934 5
2.680742 9
2.684550 0
2.688358 2
2.692166 4
2.695974 9
2.699782 10
2.703589 4
2.707397 11
2.711205 4
2.715013 5
2.718821 4
2.722629 9
2.726437 6
2.730245 16
2.734052 12
2.737860 12
2.741668 8
2.745476 12
2.749284 8
2.753092 6
2.756900 4
2.760708 2
2.764515 2
2.768323 4
2.772131 10
2.775939 10
2.779747 8
2.783555 2
2.787363 0
2.791171 4
2.794978 6
2.798786 8
2.802594 8
2.806402 8
2.810210 19
2.814018 0
2.817826 6
2.821634 2
2.825441 0
2.829249 8
2.833057 10
2.836865 15
2.840673 6
2.844481 14
2.848289 4
2.852097 2
2.855904 4
2.859712 0
2.863520 12
2.867328 3
2.871136 6
2.874944 2
2.878752 0
2.882560 0
2.886367 8
2.890175 4
2.893983 0
2.897791 2
2.901599 8
2.905407 5
2.909214 2
2.913023 8
2.916830 0
2.920638 0
2.924446 12
2.928254 4
2.932062 4
2.935870 4
2.939678 8
2.943485 8
2.947293 4
2.951101 12
2.954909 4
2.958717 0
2.962525 5
2.966333 12
2.970140 6
2.973948 4
2.977756 6
2.981564 4
2.985372 4
2.989180 2
2.992988 0
2.996796 4
3.000604 2
3.004411 6
3.008219 0
3.012027 0
3.015835 0
3.019643 6
3.023451 8
3.027259 12
3.031066 0
3.034874 14
3.038682 0
3.042490 4
3.046298 4
3.050106 12
3.053914 0
3.057722 6
3.061530 2
3.065337 4
3.069145 4
3.072953 0
3.076761 6
3.080569 4
3.084377 0
3.088185 2
3.091992 0
3.095800 4
3.099608 2
3.103416 12
3.107224 10
3.111032 0
3.114840 6
3.118648 0
3.122456 2
3.126263 4
3.130071 0
3.133879 0
3.137687 3
3.141495 4
3.145303 6
3.149111 2
3.152918 2
3.156726 4
3.160534 6
3.164342 1
3.168150 6
3.171958 0
3.175766 6
3.179574 8
3.183382 7
3.187189 1
3.190997 2
3.194805 6
3.198613 6
3.202421 4
3.206229 0
3.210037 10
3.213844 4
3.217652 4
3.221460 5
3.225268 4
3.229076 4
3.232884 0
3.236692 6
3.240499 1
3.244308 8
3.248115 4
3.251923 0
3.255731 0
3.259539 0
3.263347 6
3.267155 4
3.270962 2
3.274770 0
3.278578 4
3.282386 18
3.286194 0
3.290002 4
3.293810 0
3.297618 1
3.301425 0
3.305233 4
3.309041 1
3.312849 0
3.316657 0
3.320465 8
3.324273 0
3.328081 0
3.331888 3
3.335696 0
3.339504 10
3.343312 0
3.347120 0
3.350928 6
3.354736 4
3.358544 0
3.362351 0
3.366159 6
3.369967 3
3.373775 0
3.377583 2
3.381391 0
3.385199 6
3.389007 4
3.392814 4
3.396622 4
3.400430 6
3.404238 4
3.408046 2
3.411854 2
3.415662 0
3.419470 2
3.423277 0
3.427085 3
3.430893 8
3.434701 0
3.438509 2
3.442317 2
3.446125 4
3.449933 4
3.453740 4
3.457548 0
3.461356 8
3.465164 0
3.468972 6
3.472780 2
3.476588 7
3.480396 3
3.484203 0
3.488011 5
3.491819 12
3.495627 4
3.499435 0
3.503243 4
3.507051 4
3.510859 0
3.514666 0
3.518474 0
3.522282 0
3.526090 2
3.529898 0
3.533706 0
3.537513 0
3.541322 0
3.545129 0
3.548937 0
3.552745 0
3.556553 0
3.560361 6
3.564169 2
3.567976 0
3.571784 0
3.575592 0
3.579400 0
3.583208 4
3.587016 4
3.590824 3
3.594632 0
3.598439 2
3.602247 4
3.606055 4
3.609863 4
3.613671 0
3.617479 2
3.621287 0
3.625095 0
3.628902 0
3.632710 0
3.636518 0
3.640326 0
3.644134 0
3.647942 4
3.651750 0
3.655558 0
3.659365 4
3.663173 0
3.666981 0
3.670789 2
3.674597 4
3.678405 0
3.682213 0
3.686021 4
3.689828 0
3.693636 4
3.697444 8
3.701252 0
3.705060 9
3.708868 0
3.712676 0
3.716484 4
3.720291 0
3.724099 0
3.727907 0
3.731715 0
3.735523 0
3.739331 0
3.743139 4
3.746947 0
3.750754 0
3.754562 2
3.758370 0
3.762178 0
3.765986 0
3.769794 0
3.773602 0
3.777410 0
3.781217 0
3.785025 2
3.788833 4
3.792641 0
3.796449 0
3.800257 0
3.804065 0
3.807873 0
3.811680 0
3.815488 6
3.819296 4
3.823104 0
3.826912 0
3.830720 0
3.834528 0
3.838336 0
3.842143 4
3.845951 1
3.849759 0
3.853567 4
3.857375 3
3.861183 0
3.864991 0
3.868798 0
3.872606 0
3.876414 0
3.880222 0
3.884030 0
3.887838 0
3.891646 2
3.895454 0
3.899261 2
3.903069 6
3.906877 0
3.910685 0
3.914493 0
3.918301 0
3.922109 8
3.925917 8
3.929724 4
3.933532 0
3.937340 4
3.941148 0
3.944956 0
3.948764 0
3.952572 5
3.956380 2
3.960187 0
3.963995 0
3.967803 0
3.971611 0
3.975419 0
3.979227 0
3.983035 0
3.986843 0
3.990650 8
3.994458 0
3.998266 4
4.002074 0
4.005882 0
4.009690 0
4.013498 0
4.017305 0
4.021113 4
4.024921 4
4.028729 0
4.032537 8
4.036345 2
4.040153 0
4.043961 0
4.047769 4
4.051577 0
4.055384 0
4.059192 5
4.063000 2
4.066808 0
4.070616 0
4.074424 0
4.078231 0
4.082039 0
4.085847 0
4.089655 4
4.093463 4
4.097271 3
4.101079 0
4.104887 0
4.108695 0
4.112502 0
4.116310 4
4.120118 0
4.123926 0
4.127734 4
4.131542 0
4.135350 4
4.139157 0
4.142965 0
4.146773 4
4.150581 0
4.154389 4
4.158197 0
4.162004 0
4.165812 0
4.169621 0
4.173429 0
4.177236 0
4.181044 0
4.184852 0
4.188660 0
4.192468 0
4.196276 4
4.200083 0
4.203891 0
4.207699 0
4.211507 0
4.215315 0
4.219123 4
4.222930 0
4.226738 2
4.230546 0
4.234354 0
4.238162 0
4.241970 0
4.245778 0
4.249586 0
4.253394 0
4.257202 0
4.261009 0
4.264817 0
4.268625 0
4.272433 0
4.276241 0
4.280049 4
4.283856 0
4.287664 4
4.291472 0
4.295280 0
4.299088 0
4.302896 0
4.306704 4
4.310512 0
4.314320 0
4.318128 0
4.321935 4
4.325743 0
4.329551 0
4.333359 0
4.337167 0
4.340975 0
4.344782 0
4.348590 0
4.352398 0
4.356206 0
4.360014 0
4.363822 0
4.367630 0
4.371438 0
4.375246 0
4.379054 0
4.382861 0
4.386669 0
4.390477 0
4.394285 0
4.398093 0
4.401901 4
4.405708 0
4.409516 2
4.413324 4
4.417132 0
4.420940 0
4.424748 0
4.428556 0
4.432364 0
4.436172 0
4.439980 0
4.443787 0
4.447595 0
4.451403 0
4.455211 0
4.459019 0
4.462827 0
4.466634 0
4.470442 0
4.474250 0
4.478058 0
4.481866 0
4.485674 0
4.489482 0
4.493289 0
4.497097 6
4.500906 0
4.504713 0
4.508521 0
4.512329 4
4.516137 0
4.519945 0
4.523753 0
4.527560 0
4.531368 0
4.535176 4
4.538984 0
4.542792 0
4.546600 0
4.550408 4
4.554215 4
4.558023 0
4.561831 0
4.565639 0
4.569447 0
4.573255 0
4.577063 4
4.580871 0
4.584679 0
4.588486 0
4.592294 0
4.596102 0
4.599910 0
4.603718 0
4.607526 0
4.611334 0
4.615141 0
4.618949 0
4.622757 0
4.626565 0
4.630373 0
4.634181 0
4.637989 0
4.641797 0
4.645605 0
4.649412 2
4.653220 0
4.657028 4
4.660836 0
4.664644 1
4.668452 0
4.672260 0
4.676067 0
4.679875 0
4.683683 0
4.687491 0
4.691299 0
4.695107 0
4.698915 0
4.702723 0
4.706531 0
4.710338 0
4.714146 0
4.717954 0
4.721762 0
4.725570 0
4.729378 2
4.733186 0
4.736993 4
4.740801 0
4.744609 4
4.748417 0
4.752225 0
4.756033 0
4.759840 0
4.763649 0
4.767457 0
4.771264 0
4.775072 0
4.778880 4
4.782688 0
4.786496 0
4.790304 0
4.794112 0
4.797919 0
4.801727 4
4.805535 0
4.809343 0
4.813151 0
4.816959 0
4.820766 0
4.824574 0
4.828382 0
4.832190 0
4.835998 0
4.839806 4
4.843614 0
4.847422 0
4.851230 0
4.855038 0
4.858845 0
4.862653 0
4.866461 4
4.870269 0
4.874077 0
4.877885 4
4.881692 0
4.885500 4
4.889308 4
4.893116 0
4.896924 0
4.900732 0
4.904540 0
4.908348 0
4.912156 0
4.915964 0
4.919771 0
4.923579 0
4.927387 0
4.931195 0
4.935003 0
4.938811 0
4.942618 0
4.946426 0
4.950234 0
4.954042 0
4.957850 0
4.961658 0
4.965466 0
4.969274 0
4.973082 0
4.976890 0
4.980697 0
4.984505 4
4.988313 0
4.992121 0
4.995929 0
4.999737 0
5.003544 0
5.007352 0
5.011160 0
5.014968 0
5.018776 0
5.022584 0
5.026392 0
5.030200 0
5.034008 0
5.037816 0
5.041623 0
5.045431 0
5.049239 0
5.053047 4
5.056855 0
5.060663 0
5.064470 0
5.068278 0
5.072086 0
5.075894 0
5.079702 0
5.083510 0
5.087317 0
5.091125 0
5.094934 0
5.098742 0
5.102549 0
5.106357 0
5.110165 0
5.113973 0
5.117781 0
5.121589 0
5.125396 0
5.129204 0
5.133012 0
5.136820 0
5.140628 0
5.144436 0
5.148244 0
5.152051 0
5.155859 0
5.159667 0
5.163475 0
5.167283 0
5.171091 0
5.174899 0
5.178707 0
5.182515 0
5.186322 0
5.190130 0
5.193938 0
5.197746 0
5.201554 0
5.205362 4
5.209169 0
5.212977 0
5.216785 0
5.220593 0
5.224401 0
5.228209 0
5.232017 0
5.235825 0
5.239633 0
5.243441 0
5.247248 0
5.251056 0
5.254864 0
5.258672 0
5.262480 0
5.266288 0
5.270096 0
5.273903 0
5.277711 0
5.281519 0
5.285327 0
5.289135 0
5.292943 0
5.296751 0
5.300559 0
5.304367 0
5.308174 0
5.311982 0
5.315790 0
5.319598 0
5.323406 0
5.327214 0
5.331021 0
5.334829 0
5.338637 0
5.342445 0
5.346253 0
5.350061 0
5.353869 0
5.357677 0
5.361485 0
5.365293 0
5.369100 0
5.372908 0
5.376716 0
5.380524 0
5.384332 0
5.388140 0
5.391948 0
5.395755 0
5.399563 0
5.403371 0
5.407179 0
5.410987 4
5.414795 0
5.418602 0
5.422410 0
5.426219 0
5.430026 0
5.433834 0
5.437642 0
5.441450 4
5.445258 0
5.449066 0
5.452873 0
5.456681 0
5.460489 0
5.464297 0
5.468105 0
5.471913 0
5.475721 0
5.479528 0
5.483336 0
5.487144 0
5.490952 0
5.494760 0
5.498568 0
5.502376 0
5.506184 0
5.509992 0
5.513800 0
5.517607 0
5.521415 0
5.525223 0
5.529031 0
5.532839 0
5.536647 0
5.540454 0
5.544262 0
5.548070 0
5.551878 0
5.555686 0
5.559494 0
5.563302 0
5.567110 0
5.570918 0
5.574725 0
5.578533 0
5.582341 0
5.586149 0
5.589957 0
5.593765 0
5.597573 0
5.601380 0
5.605188 0
5.608996 0
5.612804 0
5.616612 0
5.620420 0
5.624228 0
5.628036 0
5.631844 0
5.635652 0
5.639459 0
5.643267 0
5.647075 0
5.650883 0
5.654691 0
5.658499 0
5.662306 0
5.666114 0
5.669922 0
5.673730 0
5.677538 0
5.681346 0
5.685153 0
5.688962 0
5.692770 0
5.696577 0
5.700385 0
5.704193 0
5.708001 0
5.711809 0
5.715617 0
5.719425 0
5.723232 0
5.727040 0
5.730848 0
5.734656 0
5.738464 0
5.742272 0
5.746079 0
5.749887 0
5.753695 0
5.757504 0
5.761311 0
5.765119 0
5.768927 0
5.772735 0
5.776543 0
5.780351 0
5.784158 0
5.787966 0
5.791774 0
5.795582 0
5.799390 0
5.803198 0
5.807005 0
5.810813 0
5.814621 0
5.818429 0
5.822237 0
5.826045 0
5.829853 0
5.833661 0
5.837469 0
5.841277 0
5.845084 0
5.848892 0
5.852700 0
5.856508 0
5.860316 0
5.864124 0
5.867931 2
5.871739 0
5.875547 0
5.879355 0
5.883163 0
5.886971 0
5.890779 0
5.894587 0
5.898395 0
5.902203 0
5.906010 0
5.909818 0
5.913626 0
5.917434 0
5.921242 0
5.925050 0
5.928857 0
5.932665 0
5.936473 0
5.940281 0
5.944089 0
5.947897 0
5.951705 0
5.955513 0
5.959321 0
5.963129 0
5.966936 0
5.970744 0
5.974552 0
5.978360 0
5.982168 0
5.985976 0
5.989783 0
5.993591 0
5.997399 0
6.001207 0
6.005015 0
6.008823 0
6.012631 0
6.016438 0
6.020247 0
6.024055 0
6.027862 0
6.031670 0
6.035478 0
6.039286 0
6.043094 0
6.046902 0
6.050709 0
6.054517 0
6.058325 0
6.062133 0
6.065941 0
6.069749 0
6.073557 0
6.077364 0
6.081172 0
6.084980 0
6.088788 0
6.092596 0
6.096404 0
6.100212 0
6.104020 0
6.107828 0
6.111635 0
6.115443 0
6.119251 0
6.123059 0
6.126867 0
6.130675 0
6.134483 0
6.138290 0
6.142098 0
6.145906 0
6.149714 0
6.153522 0
6.157330 0
6.161138 0
6.164946 0
6.168754 0
6.172561 0
6.176369 0
6.180177 0
6.183985 0
6.187793 0
6.191601 0
6.195409 0
6.199216 0
6.203024 0
6.206832 0
6.210640 0
6.214448 0
6.218256 0
6.222064 0
6.225872 0
6.229680 0
6.233487 0
6.237295 0
6.241103 0
6.244911 0
6.248719 0
6.252527 0
6.256335 0
6.260142 0
6.263950 0
6.267758 0
6.271566 0
6.275374 0
6.279182 0
6.282990 0
6.286798 0
6.290606 0
6.294413 0
6.298221 0
6.302029 0
6.305837 0
6.309645 0
6.313453 0
6.317261 0
6.321068 0
6.324876 0
6.328684 0
6.332492 0
6.336300 0
6.340108 0
6.343915 0
6.347723 0
6.351532 0
6.355339 0
6.359147 0
6.362955 0
6.366763 0
6.370571 0
6.374379 0
6.378187 0
6.381994 0
6.385802 0
6.389610 0
6.393418 0
6.397226 0
6.401034 0
6.404841 0
6.408649 0
6.412457 0
6.416265 0
6.420073 0
6.423881 0
6.427689 0
6.431497 0
6.435305 0
6.439113 0
6.442920 0
6.446728 0
6.450536 0
6.454344 0
6.458152 0
6.461960 0
6.465767 0
6.469575 0
6.473383 0
6.477191 0
6.480999 0
6.484807 0
6.488615 0
6.492423 0
6.496231 0
6.500039 0
6.503846 0
6.507654 0
6.511462 0
6.515270 0
6.519078 0
6.522886 0
6.526693 0
6.530501 0
6.534309 0
6.538117 0
6.541925 0
6.545733 0
6.549541 0
6.553349 0
6.557157 0
6.560965 0
6.564772 0
6.568580 0
6.572388 0
6.576196 0
6.580004 0
6.583812 0
6.587619 0
6.591427 0
6.595235 0
6.599043 0
6.602851 0
6.606659 0
6.610467 0
6.614275 0
6.618083 0
6.621891 0
6.625698 0
6.629506 0
6.633314 0
6.637122 0
6.640930 0
6.644738 0
6.648545 0
6.652353 0
6.656161 0
6.659969 0
6.663777 0
6.667585 0
6.671392 0
6.675200 0
6.679008 0
6.682817 0
6.686624 0
6.690432 0
6.694240 0
6.698048 0
6.701856 0
6.705664 0
6.709471 0
6.713279 0
6.717087 0
6.720895 0
6.724703 0
6.728511 0
6.732319 0
6.736126 0
6.739934 0
6.743742 0
6.747550 0
6.751358 0
6.755166 0
6.758974 0
6.762782 0
6.766590 0
6.770397 0
6.774205 0
6.778013 0
6.781821 0
6.785629 0
6.789437 0
6.793244 0
6.797052 0
6.800860 0
6.804668 0
6.808476 0
6.812284 0
6.816092 0
6.819900 0
6.823708 0
6.827516 0
6.831323 0
6.835131 0
6.838939 0
6.842747 0
6.846555 0
6.850363 0
6.854171 0
6.857978 0
6.861786 0
6.865594 0
6.869402 0
6.873210 0
6.877018 0
6.880826 0
6.884634 0
6.888442 0
6.892249 0
6.896057 0
6.899865 0
6.903673 0
6.907481 0
6.911289 0
6.915096 0
6.918904 0
6.922712 0
6.926520 0
6.930328 0
6.934136 0
6.937944 0
6.941751 0
6.945560 0
6.949368 0
6.953175 0
6.956983 0
6.960791 0
6.964599 0
6.968407 0
6.972215 0
6.976023 0
6.979830 0
6.983638 0
6.987446 0
6.991254 0
6.995062 0
6.998870 0
7.002677 0
7.006485 0
7.010293 0
7.014101 0
7.017909 0
7.021717 0
7.025525 0
7.029333 0
7.033141 0
7.036948 0
7.040756 0
7.044564 0
7.048372 0
7.052180 0
7.055988 0
7.059796 0
7.063603 0
7.067411 0
7.071219 0
7.075027 0
7.078835 0
7.082643 0
7.086451 0
7.090259 0
7.094067 0
7.097875 0
7.101682 0
7.105490 0
7.109298 0
7.113106 0
7.116914 0
7.120722 0
7.124529 0
7.128337 0
7.132145 0
7.135953 0
7.139761 0
7.143569 0
7.147377 0
7.151185 0
7.154993 0
7.158800 0
7.162608 0
7.166416 0
7.170224 0
7.174032 0
7.177840 0
7.181648 0
7.185455 0
7.189263 0
7.193071 0
7.196879 0
7.200687 0
7.204495 0
7.208302 0
7.212111 0
7.215919 0
7.219727 0
7.223534 0
7.227342 0
7.231150 0
7.234958 0
7.238766 0
7.242574 0
7.246381 0
7.250189 4
7.253997 0
7.257805 0
7.261613 0
7.265421 0
7.269228 0
7.273036 0
7.276845 0
7.280652 0
7.284460 0
7.288268 0
7.292076 0
7.295884 0
7.299692 0
7.303500 0
7.307307 0
7.311115 0
7.314923 0
7.318731 0
7.322539 0
7.326347 0
7.330154 0
7.333962 0
7.337770 0
7.341578 0
7.345386 0
7.349194 0
7.353002 0
7.356810 0
7.360618 0
7.364426 0
7.368233 0
7.372041 0
7.375849 0
7.379657 0
7.383465 0
7.387273 0
7.391080 0
7.394888 0
7.398696 0
7.402504 0
7.406312 0
7.410120 0
7.413928 0
7.417736 0
7.421544 0
7.425352 0
7.429159 0
7.432967 0
7.436775 0
7.440583 0
7.444391 0
7.448199 0
7.452006 0
7.455814 0
7.459622 0
7.463430 0
7.467238 0
7.471046 0
7.474854 0
7.478662 0
7.482470 0
7.486278 0
7.490085 0
7.493893 0
7.497701 0
7.501509 0
7.505317 0
7.509125 0
7.512932 0
7.516740 0
7.520548 0
7.524356 0
7.528164 0
7.531972 0
7.535780 0
7.539587 0
7.543396 0
7.547204 0
7.551011 0
7.554819 0
7.558627 0
7.562435 0
7.566243 0
7.570051 0
7.573858 0
7.577666 0
7.581474 0
7.585282 0
7.589090 0
7.592898 0
7.596706 0
7.600513 0
7.604321 0
7.608130 0
7.611937 0
7.615745 0
7.619553 0
7.623361 0
7.627169 0
7.630977 0
7.634784 0
7.638592 0
7.642400 0
7.646208 0
7.650016 0
7.653824 0
7.657632 0
7.661439 0
7.665247 0
7.669055 0
7.672863 0
7.676671 0
7.680479 0
7.684287 0
7.688095 0
7.691903 0
7.695710 0
7.699518 0
7.703326 0
7.707134 0
7.710942 0
7.714750 0
7.718558 0
7.722365 0
7.726173 0
7.729981 0
7.733789 0
7.737597 0
7.741405 0
7.745213 0
7.749021 0
7.752829 0
7.756636 0
7.760444 0
7.764252 0
7.768060 0
7.771868 0
7.775676 0
7.779484 0
7.783291 0
7.787099 0
7.790907 0
7.794715 4
