0.000000 29
0.000489 10
0.000977 6
0.001466 5
0.001954 5
0.002443 6
0.002931 3
0.003420 2
0.003908 6
0.004397 5
0.004885 3
0.005374 8
0.005862 7
0.006351 5
0.006839 4
0.007328 9
0.007816 2
0.008305 4
0.008793 7
0.009282 5
0.009770 5
0.010259 6
0.010747 4
0.011236 2
0.011724 11
0.012213 9
0.012702 10
0.013190 3
0.013679 8
0.014167 1
0.014656 9
0.015144 4
0.015633 8
0.016121 7
0.016610 10
0.017098 8
0.017587 2
0.018075 9
0.018564 12
0.019052 16
0.019541 12
0.020029 9
0.020518 13
0.021006 8
0.021495 7
0.021983 8
0.022472 11
0.022960 4
0.023449 12
0.023937 7
0.024426 10
0.024915 13
0.025403 10
0.025892 12
0.026380 9
0.026869 11
0.027357 13
0.027846 7
0.028334 17
0.028823 10
0.029311 12
0.029800 15
0.030288 9
0.030777 8
0.031265 25
0.031754 20
0.032242 23
0.032731 21
0.033219 15
0.033708 20
0.034196 14
0.034685 16
0.035173 99
0.035662 27
0.036150 27
0.036639 23
0.037128 25
0.037616 20
0.038105 17
0.038593 22
0.039082 90
0.039570 27
0.040059 24
0.040547 17
0.041036 20
0.041524 14
0.042013 11
0.042501 17
0.042990 56
0.043478 30
0.043967 40
0.044455 23
0.044944 24
0.045432 26
0.045921 21
0.046409 23
0.046898 86
0.047386 25
0.047875 42
0.048363 10
0.048852 25
0.049340 28
0.049829 21
0.050318 33
0.050806 72
0.051295 32
0.051783 35
0.052272 25
0.052760 24
0.053249 37
0.053737 34
0.054226 28
0.054714 79
0.055203 32
0.055691 38
0.056180 34
0.056668 31
0.057157 37
0.057645 33
0.058134 38
0.058622 82
0.059111 38
0.059599 31
0.060088 38
0.060576 18
0.061065 32
0.061553 42
0.062042 36
0.062531 71
0.063019 34
0.063508 39
0.063996 41
0.064485 30
0.064973 35
0.065462 38
0.065950 44
0.066439 70
0.066927 32
0.067416 40
0.067904 51
0.068393 43
0.068881 45
0.069370 51
0.069858 40
0.070347 71
0.070835 52
0.071324 40
0.071812 46
0.072301 36
0.072789 53
0.073278 41
0.073766 44
0.074255 91
0.074744 55
0.075232 50
0.075721 45
0.076209 43
0.076698 48
0.077186 46
0.077675 45
0.078163 112
0.078652 53
0.079140 71
0.079629 43
0.080117 55
0.080606 50
0.081094 57
0.081583 58
0.082071 102
0.082560 57
0.083048 61
0.083537 58
0.084025 47
0.084514 69
0.085002 44
0.085491 42
0.085979 128
0.086468 58
0.086957 74
0.087445 55
0.087934 56
0.088422 54
0.088911 67
0.089399 58
0.089888 136
0.090376 54
0.090865 42
0.091353 47
0.091842 51
0.092330 70
0.092819 48
0.093307 61
0.093796 104
0.094284 67
0.094773 59
0.095261 52
0.095750 60
0.096238 60
0.096727 67
0.097215 72
0.097704 112
0.098192 66
0.098681 65
0.099170 58
0.099658 60
0.100147 61
0.100635 67
0.101124 67
0.101612 125
0.102101 62
0.102589 61
0.103078 77
0.103566 60
0.104055 69
0.104543 67
0.105032 74
0.105520 124
0.106009 69
0.106497 70
0.106986 62
0.107474 85
0.107963 59
0.108451 64
0.108940 84
0.109428 135
0.109917 75
0.110405 78
0.110894 77
0.111383 71
0.111871 68
0.112360 60
0.112848 63
0.113337 149
0.113825 57
0.114314 60
0.114802 55
0.115291 60
0.115779 65
0.116268 60
0.116756 61
0.117245 118
0.117733 68
0.118222 68
0.118710 62
0.119199 64
0.119687 59
0.120176 67
0.120664 59
0.121153 98
0.121641 60
0.122130 62
0.122618 70
0.123107 61
0.123596 55
0.124084 68
0.124573 70
0.125061 98
0.125550 55
0.126038 65
0.126527 60
0.127015 69
0.127504 45
0.127992 63
0.128481 62
0.128969 87
0.129458 56
0.129946 65
0.130435 74
0.130923 55
0.131412 59
0.131900 72
0.132389 61
0.132877 101
0.133366 72
0.133854 65
0.134343 68
0.134831 57
0.135320 66
0.135808 54
0.136297 42
0.136786 81
0.137274 65
0.137763 53
0.138251 71
0.138740 63
0.139228 48
0.139717 55
0.140205 53
0.140694 110
0.141182 64
0.141671 73
0.142159 67
0.142648 59
0.143136 64
0.143625 79
0.144113 66
0.144602 70
0.145090 108
0.145579 61
0.146067 47
0.146556 67
0.147044 39
0.147533 52
0.148021 63
0.148510 58
0.148999 91
0.149487 48
0.149976 57
0.150464 66
0.150953 58
0.151441 59
0.151930 56
0.152418 60
0.152907 125
0.153395 54
0.153884 58
0.154372 66
0.154861 61
0.155349 68
0.155838 64
0.156326 64
0.156815 103
0.157303 58
0.157792 67
0.158280 53
0.158769 62
0.159257 56
0.159746 39
0.160234 62
0.160723 78
0.161212 40
0.161700 49
0.162189 63
0.162677 39
0.163166 44
0.163654 51
0.164143 54
0.164631 93
0.165120 55
0.165608 49
0.166097 52
0.166585 50
0.167074 58
0.167562 54
0.168051 46
0.168539 67
0.169028 44
0.169516 47
0.170005 54
0.170493 50
0.170982 47
0.171470 32
0.171959 50
0.172447 58
0.172936 45
0.173425 38
0.173913 42
0.174402 40
0.174890 41
0.175379 45
0.175867 38
0.176356 53
0.176844 48
0.177333 41
0.177821 45
0.178310 41
0.178798 37
0.179287 33
0.179775 39
0.180264 60
0.180752 46
0.181241 38
0.181729 43
0.182218 32
0.182706 39
0.183195 38
0.183683 44
0.184172 49
0.184660 47
0.185149 29
0.185638 38
0.186126 49
0.186615 50
0.187103 21
0.187592 40
0.188080 51
0.188569 32
0.189057 36
0.189546 40
0.190034 40
0.190523 37
0.191011 32
0.191500 43
0.191988 39
0.192477 35
0.192965 49
0.193454 32
0.193942 39
0.194431 49
0.194919 44
0.195408 46
0.195896 52
0.196385 32
0.196873 34
0.197362 37
0.197851 51
0.198339 43
0.198828 30
0.199316 38
0.199805 38
0.200293 41
0.200782 28
0.201270 31
0.201759 36
0.202247 28
0.202736 30
0.203224 33
0.203713 51
0.204201 34
0.204690 48
0.205178 37
0.205667 36
0.206155 37
0.206644 21
0.207132 35
0.207621 42
0.208109 34
0.208598 39
0.209086 28
0.209575 30
0.210064 34
0.210552 26
0.211041 31
0.211529 49
0.212018 37
0.212506 20
0.212995 34
0.213483 22
0.213972 39
0.214460 28
0.214949 39
0.215437 37
0.215926 33
0.216414 30
0.216903 34
0.217391 35
0.217880 41
0.218368 31
0.218857 31
0.219345 35
0.219834 30
0.220322 33
0.220811 25
0.221299 27
0.221788 26
0.222277 36
0.222765 33
0.223254 35
0.223742 30
0.224231 32
0.224719 36
0.225208 37
0.225696 31
0.226185 24
0.226673 39
0.227162 25
0.227650 34
0.228139 31
0.228627 23
0.229116 24
0.229604 27
0.230093 36
0.230581 23
0.231070 36
0.231558 34
0.232047 37
0.232535 30
0.233024 35
0.233512 34
0.234001 27
0.234490 38
0.234978 31
0.235467 28
0.235955 32
0.236444 35
0.236932 31
0.237421 30
0.237909 29
0.238398 39
0.238886 35
0.239375 28
0.239863 28
0.240352 36
0.240840 30
0.241329 34
0.241817 28
0.242306 35
0.242794 41
0.243283 32
0.243771 38
0.244260 39
0.244748 39
0.245237 27
0.245725 31
0.246214 31
0.246702 33
0.247191 28
0.247680 31
0.248168 25
0.248657 31
0.249145 24
0.249634 27
0.250122 25
0.250611 40
0.251099 18
0.251588 35
0.252076 27
0.252565 28
0.253053 31
0.253542 26
0.254030 30
0.254519 39
0.255007 31
0.255496 29
0.255984 28
0.256473 35
0.256961 27
0.257450 26
0.257938 33
0.258427 31
0.258915 39
0.259404 31
0.259893 31
0.260381 23
0.260870 35
0.261358 26
0.261847 26
0.262335 39
0.262824 27
0.263312 32
0.263801 29
0.264289 31
0.264778 31
0.265266 24
0.265755 25
0.266243 28
0.266732 25
0.267220 19
0.267709 34
0.268197 24
0.268686 18
0.269174 24
0.269663 31
0.270151 31
0.270640 12
0.271128 25
0.271617 22
0.272106 31
0.272594 30
0.273083 29
0.273571 33
0.274060 44
0.274548 24
0.275037 34
0.275525 28
0.276014 21
0.276502 32
0.276991 32
0.277479 39
0.277968 35
0.278456 29
0.278945 36
0.279433 29
0.279922 27
0.280410 42
0.280899 37
0.281387 25
0.281876 34
0.282364 39
0.282853 31
0.283341 35
0.283830 32
0.284319 29
0.284807 23
0.285296 31
0.285784 26
0.286273 39
0.286761 33
0.287250 39
0.287738 31
0.288227 32
0.288715 38
0.289204 29
0.289692 28
0.290181 30
0.290669 30
0.291158 36
0.291646 36
0.292135 24
0.292623 34
0.293112 34
0.293600 32
0.294089 37
0.294577 20
0.295066 34
0.295554 28
0.296043 31
0.296531 27
0.297020 28
0.297509 36
0.297997 49
0.298486 27
0.298974 31
0.299463 34
0.299951 36
0.300440 34
0.300928 36
0.301417 21
0.301905 40
0.302394 30
0.302882 26
0.303371 44
0.303859 44
0.304348 34
0.304836 32
0.305325 41
0.305813 39
0.306302 36
0.306790 59
0.307279 33
0.307767 43
0.308256 41
0.308744 41
0.309233 33
0.309722 41
0.310210 38
0.310699 33
0.311187 33
0.311676 30
0.312164 34
0.312653 45
0.313141 48
0.313630 52
0.314118 33
0.314607 46
0.315095 46
0.315584 40
0.316072 40
0.316561 34
0.317049 36
0.317538 50
0.318026 34
0.318515 36
0.319003 36
0.319492 34
0.319980 30
0.320469 45
0.320958 35
0.321446 58
0.321935 32
0.322423 46
0.322912 45
0.323400 36
0.323889 36
0.324377 47
0.324866 41
0.325354 54
0.325843 40
0.326331 53
0.326820 50
0.327308 40
0.327797 35
0.328285 47
0.328774 52
0.329262 63
0.329751 35
0.330239 49
0.330728 37
0.331216 36
0.331705 44
0.332193 68
0.332682 44
0.333171 54
0.333659 36
0.334148 47
0.334636 44
0.335125 33
0.335613 39
0.336102 53
0.336590 61
0.337079 54
0.337567 44
0.338056 35
0.338544 38
0.339033 54
0.339521 36
0.340010 46
0.340498 42
0.340987 64
0.341475 57
0.341964 40
0.342452 57
0.342941 49
0.343429 43
0.343918 48
0.344406 51
0.344895 73
0.345383 51
0.345872 54
0.346361 46
0.346849 48
0.347338 65
0.347826 51
0.348315 54
0.348803 68
0.349292 63
0.349780 54
0.350269 46
0.350757 61
0.351246 58
0.351734 52
0.352223 52
0.352711 85
0.353200 53
0.353688 57
0.354177 46
0.354665 67
0.355154 56
0.355642 57
0.356131 64
0.356619 104
0.357108 57
0.357596 43
0.358085 58
0.358574 66
0.359062 59
0.359551 67
0.360039 57
0.360528 99
0.361016 68
0.361505 54
0.361993 59
0.362482 50
0.362970 61
0.363459 75
0.363947 51
0.364436 87
0.364924 84
0.365413 46
0.365901 62
0.366390 49
0.366878 64
0.367367 60
0.367855 74
0.368344 89
0.368832 58
0.369321 58
0.369809 52
0.370298 57
0.370787 45
0.371275 41
0.371764 63
0.372252 97
0.372741 64
0.373229 65
0.373718 57
0.374206 60
0.374695 54
0.375183 59
0.375672 81
0.376160 98
0.376649 68
0.377137 64
0.377626 64
0.378114 70
0.378603 79
0.379091 67
0.379580 74
0.380068 90
0.380557 77
0.381045 68
0.381534 73
0.382022 58
0.382511 64
0.383000 74
0.383488 64
0.383977 95
0.384465 65
0.384954 67
0.385442 67
0.385931 58
0.386419 73
0.386908 55
0.387396 71
0.387885 95
0.388373 63
0.388862 59
0.389350 77
0.389839 62
0.390327 64
0.390816 54
0.391304 64
0.391793 102
0.392281 55
0.392770 72
0.393258 74
0.393747 74
0.394235 63
0.394724 62
0.395213 73
0.395701 93
0.396190 77
0.396678 59
0.397167 84
0.397655 64
0.398144 78
0.398632 66
0.399121 73
0.399609 128
0.400098 70
0.400586 75
0.401075 80
0.401563 75
0.402052 73
0.402540 64
0.403029 79
0.403517 139
0.404006 83
0.404494 84
0.404983 82
0.405471 62
0.405960 80
0.406448 69
0.406937 75
0.407425 153
0.407914 75
0.408403 79
0.408891 87
0.409380 62
0.409868 76
0.410357 85
0.410845 78
0.411334 155
0.411822 81
0.412311 64
0.412799 104
0.413288 94
0.413776 95
0.414265 68
0.414753 91
0.415242 180
0.415730 92
0.416219 83
0.416707 93
0.417196 82
0.417684 80
0.418173 106
0.418661 85
0.419150 175
0.419638 102
0.420127 93
0.420616 100
0.421104 97
0.421593 98
0.422081 89
0.422570 91
0.423058 216
0.423547 99
0.424035 100
0.424524 87
0.425012 102
0.425501 85
0.425989 97
0.426478 99
0.426966 240
0.427455 112
0.427943 95
0.428432 108
0.428920 97
0.429409 104
0.429897 117
0.430386 112
0.430874 101
0.431363 263
0.431851 110
0.432340 105
0.432829 98
0.433317 84
0.433806 111
0.434294 102
0.434783 111
0.435271 267
0.435760 106
0.436248 122
0.436737 107
0.437225 102
0.437714 113
0.438202 115
0.438691 112
0.439179 296
0.439668 136
0.440156 103
0.440645 108
0.441133 107
0.441622 109
0.442110 130
0.442599 147
0.443087 396
0.443576 118
0.444064 109
0.444553 156
0.445042 141
0.445530 136
0.446019 139
0.446507 146
0.446996 424
0.447484 127
0.447973 155
0.448461 127
0.448950 122
0.449438 120
0.449927 159
0.450415 149
0.450904 415
0.451392 149
0.451881 169
0.452369 122
0.452858 136
0.453346 145
0.453835 151
0.454323 164
0.454812 503
0.455300 131
0.455789 162
0.456277 151
0.456766 159
0.457255 133
0.457743 144
0.458232 163
0.458720 532
0.459209 156
0.459697 170
0.460186 159
0.460674 151
0.461163 164
0.461651 162
0.462140 183
0.462628 707
0.463117 178
0.463605 163
0.464094 162
0.464582 150
0.465071 161
0.465559 139
0.466048 206
0.466536 667
0.467025 174
0.467513 210
0.468002 166
0.468490 190
0.468979 170
0.469468 184
0.469956 207
0.470445 846
0.470933 196
0.471422 193
0.471910 178
0.472399 196
0.472887 188
0.473376 195
0.473864 217
0.474353 895
0.474841 217
0.475330 196
0.475818 195
0.476307 201
0.476795 182
0.477284 192
0.477772 222
0.478261 1170
0.478749 187
0.479238 225
0.479726 200
0.480215 219
0.480703 201
0.481192 226
0.481681 253
0.482169 1169
0.482658 247
0.483146 234
0.483635 237
0.484123 195
0.484612 239
0.485100 233
0.485589 241
0.486077 1276
0.486566 271
0.487054 232
0.487543 232
0.488031 194
0.488520 210
0.489008 250
0.489497 260
0.489985 1253
0.490474 264
0.490962 268
0.491451 245
0.491939 235
0.492428 229
0.492916 223
0.493405 317
0.493894 1530
0.494382 278
0.494871 260
0.495359 270
0.495848 244
0.496336 271
0.496825 281
0.497313 291
0.497802 1583
0.498290 291
0.498779 301
0.499267 280
0.499756 284
0.500244 278
0.500733 280
0.501221 344
0.501710 1751
0.502198 284
0.502687 249
0.503175 285
0.503664 248
0.504152 233
0.504641 251
0.505129 300
0.505618 1509
0.506106 284
0.506595 305
0.507084 256
0.507572 283
0.508061 235
0.508549 277
0.509038 310
0.509526 1686
0.510015 302
0.510503 257
0.510992 259
0.511480 236
0.511969 254
0.512457 255
0.512946 317
0.513434 1549
0.513923 289
0.514411 236
0.514900 281
0.515388 247
0.515877 255
0.516365 244
0.516854 269
0.517342 1986
0.517831 274
0.518319 232
0.518808 245
0.519297 244
0.519785 267
0.520274 231
0.520762 274
0.521251 1698
0.521739 258
0.522228 302
0.522716 278
0.523205 272
0.523693 219
0.524182 226
0.524670 241
0.525159 2090
0.525647 257
0.526136 246
0.526624 231
0.527113 223
0.527601 219
0.528090 238
0.528578 245
0.529067 1602
0.529555 230
0.530044 236
0.530532 262
0.531021 230
0.531510 196
0.531998 262
0.532487 251
0.532975 2020
0.533464 260
0.533952 244
0.534441 250
0.534929 236
0.535418 212
0.535906 221
0.536395 215
0.536883 1977
0.537372 228
0.537860 266
0.538349 231
0.538837 216
0.539326 231
0.539814 219
0.540303 233
0.540791 1971
0.541280 239
0.541768 243
0.542257 240
0.542745 194
0.543234 232
0.543723 207
0.544211 220
0.544700 1844
0.545188 223
0.545677 221
0.546165 222
0.546654 176
0.547142 221
0.547631 167
0.548119 187
0.548608 1615
0.549096 223
0.549585 209
0.550073 197
0.550562 218
0.551050 204
0.551539 194
0.552027 206
0.552516 1748
0.553004 207
0.553493 201
0.553981 196
0.554470 187
0.554958 160
0.555447 183
0.555936 204
0.556424 1652
0.556913 223
0.557401 224
0.557890 192
0.558378 176
0.558867 169
0.559355 190
0.559844 202
0.560332 1781
0.560821 238
0.561309 171
0.561798 195
0.562286 163
0.562775 180
0.563263 194
0.563752 186
0.564240 1228
0.564729 197
0.565217 173
0.565706 168
0.566194 180
0.566683 172
0.567171 180
0.567660 170
0.568148 1679
0.568637 225
0.569126 187
0.569614 185
0.570103 188
0.570591 151
0.571080 175
0.571568 148
0.572057 231
0.572545 1604
0.573034 167
0.573522 174
0.574011 185
0.574499 165
0.574988 214
0.575476 178
0.575965 211
0.576453 1821
0.576942 197
0.577430 157
0.577919 178
0.578407 160
0.578896 148
0.579384 157
0.579873 218
0.580361 1353
0.580850 241
0.581339 161
0.581827 179
0.582316 140
0.582804 160
0.583293 146
0.583781 205
0.584270 1575
0.584758 215
0.585247 181
0.585735 179
0.586224 147
0.586712 168
0.587201 176
0.587689 215
0.588178 1609
0.588666 183
0.589155 196
0.589643 171
0.590132 194
0.590620 199
0.591109 227
0.591597 195
0.592086 1970
0.592574 192
0.593063 157
0.593552 186
0.594040 166
0.594529 146
0.595017 171
0.595506 216
0.595994 1427
0.596483 188
0.596971 171
0.597460 175
0.597948 125
0.598437 158
0.598925 160
0.599414 175
0.599902 1540
0.600391 180
0.600879 160
0.601368 161
0.601856 121
0.602345 162
0.602833 162
0.603322 176
0.603810 1349
0.604299 143
0.604787 151
0.605276 162
0.605765 128
0.606253 151
0.606742 147
0.607230 144
0.607719 1169
0.608207 128
0.608696 114
0.609184 130
0.609673 132
0.610161 142
0.610650 148
0.611138 143
0.611627 881
0.612115 112
0.612604 134
0.613092 103
0.613581 102
0.614069 108
0.614558 124
0.615046 134
0.615535 1006
0.616023 129
0.616512 126
0.617000 105
0.617489 101
0.617977 130
0.618466 106
0.618955 132
0.619443 740
0.619932 89
0.620420 130
0.620909 121
0.621397 114
0.621886 117
0.622374 123
0.622863 128
0.623351 1020
0.623840 125
0.624328 117
0.624817 103
0.625305 110
0.625794 105
0.626282 111
0.626771 137
0.627259 771
0.627748 144
0.628236 127
0.628725 99
0.629214 114
0.629702 98
0.630191 102
0.630679 133
0.631168 923
0.631656 110
0.632145 126
0.632633 97
0.633122 108
0.633610 99
0.634099 103
0.634587 134
0.635076 813
0.635564 114
0.636053 110
0.636541 95
0.637030 95
0.637518 102
0.638007 84
0.638495 135
0.638984 838
0.639472 126
0.639961 112
0.640449 96
0.640938 110
0.641427 94
0.641915 87
0.642404 108
0.642892 645
0.643381 103
0.643869 96
0.644358 87
0.644846 102
0.645335 83
0.645823 79
0.646312 95
0.646800 717
0.647289 97
0.647777 100
0.648266 88
0.648754 74
0.649243 60
0.649731 69
0.650220 87
0.650708 514
0.651197 78
0.651685 99
0.652174 84
0.652662 75
0.653151 61
0.653639 84
0.654128 74
0.654617 566
0.655105 77
0.655594 64
0.656082 59
0.656571 59
0.657059 59
0.657548 62
0.658036 82
0.658525 388
0.659013 72
0.659502 58
0.659990 68
0.660479 67
0.660967 63
0.661456 55
0.661944 63
0.662433 359
0.662921 75
0.663410 44
0.663898 47
0.664387 40
0.664875 33
0.665364 50
0.665852 60
0.666341 231
0.666830 45
0.667318 48
0.667807 49
0.668295 37
0.668784 34
0.669272 46
0.669761 46
0.670249 423
0.670738 57
0.671226 51
0.671715 50
0.672203 42
0.672692 36
0.673180 44
0.673669 42
0.674157 185
0.674646 47
0.675134 43
0.675623 33
0.676111 34
0.676600 40
0.677088 37
0.677577 31
0.678065 213
0.678554 41
0.679043 39
0.679531 35
0.680020 23
0.680508 24
0.680997 38
0.681485 37
0.681974 125
0.682462 35
0.682951 18
0.683439 33
0.683928 26
0.684416 21
0.684905 25
0.685393 23
0.685882 140
0.686370 21
0.686859 29
0.687347 30
0.687836 21
0.688324 16
0.688813 21
0.689301 19
0.689790 78
0.690278 20
0.690767 17
0.691256 18
0.691744 17
0.692233 18
0.692721 27
0.693210 23
0.693698 72
0.694187 26
0.694675 19
0.695164 23
0.695652 17
0.696141 21
0.696629 20
0.697118 29
0.697606 86
0.698095 16
0.698583 20
0.699072 17
0.699560 18
0.700049 20
0.700537 11
0.701026 20
0.701514 63
0.702003 16
0.702491 12
0.702980 19
0.703469 16
0.703957 14
0.704446 22
0.704934 18
0.705423 30
0.705911 14
0.706400 12
0.706888 14
0.707377 14
0.707865 20
0.708354 18
0.708842 23
0.709331 58
0.709819 13
0.710308 13
0.710796 14
0.711285 9
0.711773 11
0.712262 19
0.712750 21
0.713239 54
0.713727 14
0.714216 21
0.714704 10
0.715193 18
0.715681 13
0.716170 20
0.716659 9
0.717147 13
0.717636 28
0.718124 8
0.718613 15
0.719101 16
0.719590 9
0.720078 12
0.720567 12
0.721055 10
0.721544 26
0.722032 14
0.722521 11
0.723009 14
0.723498 9
0.723986 11
0.724475 9
0.724963 11
0.725452 25
0.725940 19
0.726429 11
0.726917 13
0.727406 9
0.727894 11
0.728383 11
0.728872 14
0.729360 15
0.729849 15
0.730337 14
0.730826 19
0.731314 9
0.731803 5
0.732291 7
0.732780 5
0.733268 21
0.733757 8
0.734245 17
0.734734 11
0.735222 12
0.735711 3
0.736199 20
0.736688 17
0.737176 16
0.737665 23
0.738153 10
0.738642 6
0.739130 9
0.739619 10
0.740107 14
0.740596 12
0.741085 19
0.741573 7
0.742062 5
0.742550 3
0.743039 15
0.743527 16
0.744016 13
0.744504 13
0.744993 18
0.745481 7
0.745970 9
0.746458 15
0.746947 9
0.747435 10
0.747924 9
0.748412 16
0.748901 15
0.749389 6
0.749878 11
0.750366 5
0.750855 4
0.751343 13
0.751832 7
0.752320 8
0.752809 18
0.753298 9
0.753786 5
0.754275 6
0.754763 14
0.755252 14
0.755740 6
0.756229 10
0.756717 21
0.757206 5
0.757694 9
0.758183 8
0.758671 12
0.759160 8
0.759648 11
0.760137 6
0.760625 14
0.761114 12
0.761602 7
0.762091 7
0.762579 8
0.763068 10
0.763556 4
0.764045 8
0.764533 19
0.765022 6
0.765510 5
0.765999 8
0.766488 13
0.766976 2
0.767465 7
0.767953 9
0.768442 14
0.768930 5
0.769419 11
0.769907 12
0.770396 7
0.770884 13
0.771373 10
0.771861 7
0.772350 16
0.772838 9
0.773327 11
0.773815 6
0.774304 2
0.774792 6
0.775281 7
0.775769 15
0.776258 14
0.776746 2
0.777235 5
0.777723 5
0.778212 10
0.778701 7
0.779189 8
0.779678 7
0.780166 13
0.780655 6
0.781143 4
0.781632 8
0.782120 4
0.782609 4
0.783097 5
0.783586 6
0.784074 12
0.784563 7
0.785051 3
0.785540 6
0.786028 5
0.786517 7
0.787005 4
0.787494 8
0.787982 14
0.788471 8
0.788959 7
0.789448 2
0.789936 10
0.790425 4
0.790914 4
0.791402 6
0.791891 15
0.792379 5
0.792868 4
0.793356 7
0.793845 6
0.794333 7
0.794822 10
0.795310 4
0.795799 4
0.796287 4
0.796776 4
0.797264 3
0.797753 9
0.798241 7
0.798730 5
0.799218 8
0.799707 6
0.800195 9
0.800684 9
0.801172 8
0.801661 10
0.802149 5
0.802638 6
0.803127 4
0.803615 8
0.804104 4
0.804592 9
0.805081 6
0.805569 11
0.806058 4
0.806546 8
0.807035 6
0.807523 2
0.808012 6
0.808500 5
0.808989 6
0.809477 5
0.809966 3
0.810454 3
0.810943 6
0.811431 7
0.811920 5
0.812408 6
0.812897 5
0.813385 5
0.813874 7
0.814362 4
0.814851 1
0.815340 8
0.815828 3
0.816317 5
0.816805 2
0.817294 5
0.817782 2
0.818271 7
0.818759 5
0.819248 3
0.819736 4
0.820225 6
0.820713 2
0.821202 6
0.821690 8
0.822179 4
0.822667 9
0.823156 8
0.823644 6
0.824133 3
0.824621 6
0.825110 2
0.825598 5
0.826087 6
0.826575 14
0.827064 8
0.827552 4
0.828041 0
0.828530 3
0.829018 6
0.829507 1
0.829995 4
0.830484 7
0.830972 9
0.831461 4
0.831949 3
0.832438 2
0.832926 10
0.833415 0
0.833903 6
0.834392 5
0.834880 3
0.835369 5
0.835857 5
0.836346 5
0.836834 5
0.837323 2
0.837811 3
0.838300 5
0.838788 5
0.839277 5
0.839765 3
0.840254 3
0.840743 7
0.841231 3
0.841720 1
0.842208 8
0.842697 9
0.843185 6
0.843674 2
0.844162 6
0.844651 3
0.845139 4
0.845628 5
0.846116 5
0.846605 8
0.847093 4
0.847582 3
0.848070 3
0.848559 5
0.849047 6
0.849536 1
0.850024 5
0.850513 4
0.851001 3
0.851490 4
0.851978 1
0.852467 1
0.852956 3
0.853444 5
0.853933 5
0.854421 2
0.854910 5
0.855398 5
0.855887 2
0.856375 5
0.856864 6
0.857352 4
0.857841 3
0.858329 2
0.858818 6
0.859306 1
0.859795 2
0.860283 3
0.860772 5
0.861260 9
0.861749 3
0.862237 6
0.862726 4
0.863214 1
0.863703 3
0.864191 6
0.864680 4
0.865169 4
0.865657 9
0.866146 5
0.866634 5
0.867123 2
0.867611 5
0.868100 1
0.868588 2
0.869077 8
0.869565 5
0.870054 9
0.870542 3
0.871031 7
0.871519 3
0.872008 2
0.872496 1
0.872985 4
0.873473 2
0.873962 3
0.874450 2
0.874939 2
0.875427 3
0.875916 3
0.876405 5
0.876893 1
0.877382 7
0.877870 5
0.878359 4
0.878847 2
0.879336 2
0.879824 4
0.880313 3
0.880801 4
0.881290 1
0.881778 3
0.882267 5
0.882755 5
0.883244 1
0.883732 2
0.884221 0
0.884709 1
0.885198 2
0.885686 4
0.886175 1
0.886663 3
0.887152 6
0.887640 3
0.888129 4
0.888618 5
0.889106 3
0.889595 6
0.890083 3
0.890572 5
0.891060 2
0.891549 2
0.892037 0
0.892526 4
0.893014 5
0.893503 3
0.893991 4
0.894480 3
0.894968 5
0.895457 2
0.895945 3
0.896434 1
0.896922 5
0.897411 1
0.897899 3
0.898388 2
0.898876 3
0.899365 2
0.899853 3
0.900342 2
0.900831 3
0.901319 5
0.901808 3
0.902296 1
0.902785 5
0.903273 0
0.903762 5
0.904250 0
0.904739 2
0.905227 3
0.905716 1
0.906204 2
0.906693 2
0.907181 3
0.907670 4
0.908158 2
0.908647 4
0.909135 6
0.909624 2
0.910112 3
0.910601 4
0.911089 0
0.911578 2
0.912066 2
0.912555 6
0.913043 1
0.913532 4
0.914021 2
0.914509 4
0.914998 4
0.915486 2
0.915975 3
0.916463 4
0.916952 0
0.917440 2
0.917929 5
0.918417 3
0.918906 2
0.919394 3
0.919883 3
0.920371 4
0.920860 3
0.921348 3
0.921837 4
0.922325 4
0.922814 3
0.923302 1
0.923791 1
0.924279 4
0.924768 3
0.925256 3
0.925745 4
0.926234 1
0.926722 6
0.927211 4
0.927699 2
0.928188 2
0.928676 3
0.929165 3
0.929653 5
0.930142 3
0.930630 4
0.931119 5
0.931607 5
0.932096 3
0.932584 2
0.933073 2
0.933561 3
0.934050 2
0.934538 2
0.935027 2
0.935515 0
0.936004 0
0.936492 4
0.936981 4
0.937469 2
0.937958 3
0.938447 5
0.938935 5
0.939424 2
0.939912 3
0.940401 3
0.940889 2
0.941378 2
0.941866 2
0.942355 2
0.942843 3
0.943332 5
0.943820 5
0.944309 5
0.944797 3
0.945286 2
0.945774 0
0.946263 6
0.946751 5
0.947240 1
0.947728 7
0.948217 3
0.948705 4
0.949194 3
0.949682 4
0.950171 5
0.950660 5
0.951148 5
0.951637 3
0.952125 2
0.952614 5
0.953102 6
0.953591 6
0.954079 7
0.954568 2
0.955056 3
0.955545 7
0.956033 7
0.956522 1
0.957010 9
0.957499 6
0.957987 3
0.958476 7
0.958964 4
0.959453 2
0.959941 5
0.960430 5
0.960918 5
0.961407 8
0.961895 7
0.962384 10
0.962873 5
0.963361 7
0.963850 8
0.964338 6
0.964827 10
0.965315 3
0.965804 9
0.966292 3
0.966781 3
0.967269 5
0.967758 15
0.968246 6
0.968735 8
0.969223 6
0.969712 12
0.970200 8
0.970689 10
0.971177 13
0.971666 16
0.972154 16
0.972643 10
0.973131 16
0.973620 8
0.974108 10
0.974597 14
0.975085 12
0.975574 13
0.976063 22
0.976551 20
0.977040 16
0.977528 15
0.978017 13
0.978505 12
0.978994 12
0.979482 16
0.979971 35
0.980459 22
0.980948 20
0.981436 20
0.981925 15
0.982413 19
0.982902 16
0.983390 18
0.983879 23
0.984367 21
0.984856 25
0.985344 21
0.985833 20
0.986321 19
0.986810 27
0.987298 27
0.987787 50
0.988276 32
0.988764 31
0.989253 23
0.989741 22
0.990230 38
0.990718 30
0.991207 35
0.991695 71
0.992184 28
0.992672 34
0.993161 35
0.993649 35
0.994138 32
0.994626 37
0.995115 34
0.995603 190
0.996092 55
0.996580 39
0.997069 31
0.997557 28
0.998046 26
0.998534 32
0.999023 32
0.999511 56
1.000000 108
