0.000000 16919
0.002992 45
0.005983 44
0.008975 49
0.011967 50
0.014958 42
0.017950 51
0.020941 56
0.023933 59
0.026925 52
0.029916 59
0.032908 55
0.035900 62
0.038891 45
0.041883 45
0.044874 50
0.047866 56
0.050858 44
0.053849 43
0.056841 46
0.059833 53
0.062824 58
0.065816 51
0.068808 47
0.071799 56
0.074791 52
0.077782 49
0.080774 49
0.083766 51
0.086757 55
0.089749 31
0.092741 48
0.095732 46
0.098724 48
0.101715 63
0.104707 46
0.107699 38
0.110690 52
0.113682 59
0.116674 30
0.119665 53
0.122657 47
0.125649 57
0.128640 58
0.131632 55
0.134623 32
0.137615 57
0.140607 55
0.143598 53
0.146590 33
0.149582 64
0.152573 47
0.155565 39
0.158557 45
0.161548 58
0.164540 54
0.167531 45
0.170523 46
0.173515 60
0.176506 41
0.179498 48
0.182490 49
0.185481 62
0.188473 54
0.191464 57
0.194456 41
0.197448 50
0.200439 59
0.203431 49
0.206423 48
0.209414 59
0.212406 55
0.215398 40
0.218389 55
0.221381 58
0.224372 39
0.227364 53
0.230356 60
0.233347 49
0.236339 44
0.239331 46
0.242322 43
0.245314 38
0.248305 46
0.251297 43
0.254289 47
0.257280 50
0.260272 37
0.263264 54
0.266255 47
0.269247 48
0.272239 59
0.275230 39
0.278222 62
0.281213 46
0.284205 42
0.287197 53
0.290188 34
0.293180 38
0.296172 45
0.299163 41
0.302155 51
0.305146 42
0.308138 42
0.311130 45
0.314121 36
0.317113 42
0.320105 26
0.323096 45
0.326088 42
0.329080 50
0.332071 42
0.335063 51
0.338054 41
0.341046 37
0.344038 52
0.347029 43
0.350021 34
0.353013 37
0.356004 39
0.358996 55
0.361987 37
0.364979 57
0.367971 41
0.370962 44
0.373954 51
0.376946 44
0.379937 37
0.382929 36
0.385921 39
0.388912 59
0.391904 37
0.394895 38
0.397887 42
0.400879 47
0.403870 49
0.406862 38
0.409854 47
0.412845 49
0.415837 46
0.418828 46
0.421820 33
0.424812 48
0.427803 34
0.430795 44
0.433787 44
0.436778 40
0.439770 49
0.442762 46
0.445753 34
0.448745 46
0.451736 43
0.454728 38
0.457720 51
0.460711 48
0.463703 46
0.466695 39
0.469686 46
0.472678 35
0.475670 38
0.478661 38
0.481653 44
0.484644 28
0.487636 30
0.490628 39
0.493619 49
0.496611 36
0.499603 38
0.502594 35
0.505586 45
0.508577 40
0.511569 44
0.514561 34
0.517552 38
0.520544 47
0.523536 34
0.526527 38
0.529519 32
0.532511 44
0.535502 44
0.538494 27
0.541485 28
0.544477 40
0.547469 43
0.550460 38
0.553452 40
0.556444 34
0.559435 33
0.562427 36
0.565418 32
0.568410 34
0.571402 34
0.574393 36
0.577385 30
0.580377 43
0.583368 38
0.586360 37
0.589352 41
0.592343 40
0.595335 45
0.598326 35
0.601318 29
0.604310 38
0.607301 28
0.610293 30
0.613285 40
0.616276 28
0.619268 26
0.622259 29
0.625251 43
0.628243 26
0.631234 40
0.634226 33
0.637218 33
0.640209 42
0.643201 40
0.646193 37
0.649184 38
0.652176 32
0.655167 27
0.658159 28
0.661151 31
0.664142 31
0.667134 37
0.670126 27
0.673117 26
0.676109 30
0.679101 22
0.682092 38
0.685084 27
0.688075 25
0.691067 20
0.694059 23
0.697050 23
0.700042 36
0.703034 35
0.706025 21
0.709017 33
0.712008 27
0.715000 32
0.717992 30
0.720983 22
0.723975 24
0.726967 30
0.729958 25
0.732950 31
0.735941 30
0.738933 33
0.741925 36
0.744916 29
0.747908 22
0.750900 26
0.753891 23
0.756883 36
0.759875 31
0.762866 23
0.765858 34
0.768849 30
0.771841 23
0.774833 30
0.777824 24
0.780816 28
0.783808 17
0.786799 16
0.789791 21
0.792782 27
0.795774 27
0.798766 17
0.801757 14
0.804749 28
0.807741 25
0.810732 17
0.813724 28
0.816716 31
0.819707 21
0.822699 20
0.825690 28
0.828682 14
0.831674 17
0.834665 20
0.837657 20
0.840649 26
0.843640 22
0.846632 27
0.849624 26
0.852615 28
0.855607 22
0.858598 28
0.861590 28
0.864582 18
0.867573 26
0.870565 16
0.873557 23
0.876548 30
0.879540 15
0.882531 16
0.885523 19
0.888515 20
0.891506 24
0.894498 15
0.897490 24
0.900481 22
0.903473 15
0.906465 20
0.909456 22
0.912448 24
0.915439 22
0.918431 20
0.921423 22
0.924414 20
0.927406 23
0.930398 18
0.933389 19
0.936381 26
0.939372 21
0.942364 28
0.945356 24
0.948347 19
0.951339 19
0.954331 20
0.957322 20
0.960314 23
0.963306 19
0.966297 18
0.969289 13
0.972280 14
0.975272 17
0.978264 16
0.981255 19
0.984247 20
0.987239 17
0.990230 21
0.993222 21
0.996213 16
0.999205 21
1.002197 21
1.005188 11
1.008180 23
1.011172 13
1.014163 10
1.017155 15
1.020146 11
1.023138 14
1.026130 19
1.029121 13
1.032113 16
1.035105 12
1.038096 15
1.041088 16
1.044080 13
1.047071 21
1.050063 11
1.053054 13
1.056046 10
1.059038 14
1.062029 19
1.065021 15
1.068013 17
1.071004 14
1.073996 12
1.076988 9
1.079979 14
1.082971 13
1.085962 17
1.088954 16
1.091946 21
1.094937 3
1.097929 18
1.100921 12
1.103912 12
1.106904 9
1.109895 19
1.112887 17
1.115879 15
1.118870 11
1.121862 10
1.124854 10
1.127845 11
1.130837 12
1.133829 16
1.136820 16
1.139812 12
1.142803 16
1.145795 16
1.148787 10
1.151778 12
1.154770 8
1.157762 9
1.160753 17
1.163745 16
1.166736 11
1.169728 8
1.172720 13
1.175711 14
1.178703 19
1.181695 6
1.184686 15
1.187678 13
1.190670 11
1.193661 12
1.196653 13
1.199644 11
1.202636 6
1.205628 6
1.208619 7
1.211611 9
1.214603 11
1.217594 14
1.220586 14
1.223577 15
1.226569 8
1.229561 10
1.232552 11
1.235544 10
1.238536 6
1.241527 8
1.244519 7
1.247511 9
1.250502 18
1.253494 13
1.256485 5
1.259477 9
1.262469 8
1.265460 10
1.268452 15
1.271444 10
1.274435 13
1.277427 6
1.280419 11
1.283410 10
1.286402 7
1.289393 12
1.292385 14
1.295377 7
1.298368 12
1.301360 5
1.304352 7
1.307343 7
1.310335 5
1.313326 10
1.316318 13
1.319310 6
1.322301 17
1.325293 3
1.328285 7
1.331276 10
1.334268 7
1.337260 9
1.340251 7
1.343243 6
1.346234 15
1.349226 8
1.352218 11
1.355209 11
1.358201 7
1.361193 8
1.364184 10
1.367176 8
1.370167 10
1.373159 15
1.376151 8
1.379142 3
1.382134 9
1.385126 6
1.388117 4
1.391109 9
1.394101 13
1.397092 11
1.400084 8
1.403075 13
1.406067 6
1.409059 10
1.412050 11
1.415042 7
1.418034 8
1.421025 6
1.424017 4
1.427009 4
1.430000 10
1.432992 9
1.435983 5
1.438975 11
1.441967 5
1.444958 7
1.447950 8
1.450942 14
1.453933 9
1.456925 4
1.459916 5
1.462908 6
1.465900 12
1.468891 12
1.471883 8
1.474875 6
1.477866 8
1.480858 8
1.483850 2
1.486841 4
1.489833 8
1.492824 5
1.495816 1
1.498808 10
1.501799 3
1.504791 1
1.507783 4
1.510774 4
1.513766 3
1.516757 6
1.519749 5
1.522741 6
1.525732 8
1.528724 8
1.531716 9
1.534707 5
1.537699 6
1.540691 4
1.543682 5
1.546674 5
1.549665 4
1.552657 7
1.555649 5
1.558640 7
1.561632 5
1.564624 3
1.567615 8
1.570607 12
1.573599 8
1.576590 9
1.579582 4
1.582573 11
1.585565 5
1.588557 9
1.591548 6
1.594540 5
1.597532 4
1.600523 7
1.603515 6
1.606506 9
1.609498 7
1.612490 5
1.615481 7
1.618473 5
1.621465 12
1.624456 10
1.627448 5
1.630440 5
1.633431 6
1.636423 3
1.639414 10
1.642406 9
1.645398 4
1.648389 6
1.651381 4
1.654373 5
1.657364 10
1.660356 8
1.663347 5
1.666339 7
1.669331 6
1.672322 6
1.675314 6
1.678306 2
1.681297 7
1.684289 1
1.687281 5
1.690272 9
1.693264 5
1.696255 10
1.699247 6
1.702239 9
1.705230 3
1.708222 9
1.711214 13
1.714205 14
1.717197 4
1.720188 13
1.723180 4
1.726172 8
1.729163 0
1.732155 6
1.735147 5
1.738138 8
1.741130 8
1.744122 5
1.747113 3
1.750105 4
1.753096 3
1.756088 8
1.759080 6
1.762071 6
1.765063 3
1.768055 3
1.771046 7
1.774038 4
1.777030 8
1.780021 8
1.783013 4
1.786004 7
1.788996 5
1.791988 7
1.794979 5
1.797971 4
1.800963 7
1.803954 5
1.806946 2
1.809937 3
1.812929 5
1.815921 3
1.818912 5
1.821904 6
1.824896 5
1.827887 3
1.830879 9
1.833871 0
1.836862 6
1.839854 4
1.842845 3
1.845837 6
1.848829 4
1.851820 6
1.854812 2
1.857804 8
1.860795 1
1.863787 5
1.866778 3
1.869770 4
1.872762 3
1.875753 0
1.878745 2
1.881737 4
1.884728 4
1.887720 4
1.890711 1
1.893703 3
1.896695 3
1.899686 2
1.902678 4
1.905670 3
1.908661 1
1.911653 7
1.914644 3
1.917636 2
1.920628 2
1.923619 8
1.926611 6
1.929603 3
1.932594 4
1.935586 6
1.938578 3
1.941569 0
1.944561 7
1.947552 7
1.950544 3
1.953536 8
1.956527 1
1.959519 2
1.962511 4
1.965502 4
1.968494 2
1.971485 7
1.974477 3
1.977469 9
1.980460 3
1.983452 2
1.986444 6
1.989435 3
1.992427 3
1.995419 1
1.998410 5
2.001402 4
2.004394 4
2.007385 4
2.010377 0
2.013368 2
2.016360 6
2.019352 1
2.022343 1
2.025335 4
2.028327 2
2.031318 5
2.034310 4
2.037302 2
2.040293 0
2.043285 5
2.046276 5
2.049268 4
2.052260 1
2.055251 3
2.058243 1
2.061234 5
2.064226 3
2.067218 1
2.070210 3
2.073201 3
2.076193 2
2.079184 2
2.082176 4
2.085168 2
2.088159 2
2.091151 7
2.094142 5
2.097134 2
2.100126 3
2.103117 3
2.106109 4
2.109101 3
2.112092 3
2.115084 4
2.118076 5
2.121067 2
2.124059 4
2.127050 4
2.130042 3
2.133034 2
2.136025 8
2.139017 7
2.142009 10
2.145000 2
2.147992 4
2.150984 5
2.153975 3
2.156967 2
2.159958 4
2.162950 3
2.165942 2
2.168933 4
2.171925 0
2.174917 1
2.177908 3
2.180900 3
2.183892 1
2.186883 1
2.189875 3
2.192866 1
2.195858 1
2.198850 1
2.201841 5
2.204833 3
2.207824 2
2.210816 1
2.213808 3
2.216799 0
2.219791 2
2.222783 4
2.225774 4
2.228766 3
2.231758 1
2.234749 0
2.237741 3
2.240732 1
2.243724 2
2.246716 1
2.249707 4
2.252699 3
2.255691 1
2.258682 5
2.261674 3
2.264666 0
2.267657 2
2.270649 1
2.273640 3
2.276632 4
2.279624 3
2.282615 0
2.285607 4
2.288599 3
2.291590 1
2.294582 3
2.297574 4
2.300565 5
2.303557 3
2.306548 2
2.309540 1
2.312532 1
2.315523 3
2.318515 1
2.321507 2
2.324498 0
2.327490 4
2.330481 4
2.333473 1
2.336465 2
2.339456 1
2.342448 1
2.345440 3
2.348431 3
2.351423 2
2.354414 1
2.357406 3
2.360398 2
2.363389 2
2.366381 4
2.369373 2
2.372364 0
2.375356 3
2.378347 3
2.381339 5
2.384331 1
2.387322 3
2.390314 2
2.393306 1
2.396297 2
2.399289 0
2.402281 0
2.405272 3
2.408264 1
2.411255 0
2.414247 1
2.417239 2
2.420230 0
2.423222 1
2.426214 2
2.429205 4
2.432197 1
2.435189 2
2.438180 2
2.441172 3
2.444163 3
2.447155 1
2.450147 1
2.453138 2
2.456130 1
2.459121 0
2.462113 5
2.465105 2
2.468096 1
2.471088 2
2.474080 0
2.477071 2
2.480063 3
2.483055 1
2.486046 0
2.489038 4
2.492029 1
2.495021 5
2.498013 0
2.501004 1
2.503996 2
2.506988 1
2.509979 1
2.512971 1
2.515963 2
2.518954 5
2.521946 2
2.524937 2
2.527929 2
2.530921 1
2.533912 2
2.536904 0
2.539896 0
2.542887 5
2.545879 0
2.548871 2
2.551862 0
2.554854 1
2.557845 2
2.560837 2
2.563829 3
2.566820 1
2.569812 7
2.572803 1
2.575795 5
2.578787 0
2.581779 1
2.584770 0
2.587762 1
2.590753 1
2.593745 1
2.596737 1
2.599728 2
2.602720 3
2.605711 3
2.608703 1
2.611695 3
2.614686 2
2.617678 0
2.620670 1
2.623661 5
2.626653 1
2.629645 1
2.632636 0
2.635628 0
2.638619 1
2.641611 2
2.644603 0
2.647594 3
2.650586 2
2.653578 1
2.656569 1
2.659561 3
2.662553 2
2.665544 0
2.668536 2
2.671527 0
2.674519 1
2.677511 1
2.680502 0
2.683494 1
2.686486 1
2.689477 0
2.692469 3
2.695461 0
2.698452 0
2.701444 2
2.704435 2
2.707427 0
2.710419 1
2.713410 0
2.716402 3
2.719393 1
2.722385 2
2.725377 1
2.728369 1
2.731360 1
2.734352 0
2.737343 1
2.740335 2
2.743327 2
2.746318 1
2.749310 2
2.752301 1
2.755293 2
2.758285 1
2.761276 2
2.764268 3
2.767260 1
2.770251 0
2.773243 0
2.776235 1
2.779226 3
2.782218 4
2.785209 1
2.788201 0
2.791193 1
2.794184 1
2.797176 1
2.800168 2
2.803159 4
2.806151 2
2.809143 3
2.812134 1
2.815126 1
2.818117 2
2.821109 0
2.824101 1
2.827092 1
2.830084 2
2.833076 1
2.836067 0
2.839059 0
2.842051 1
2.845042 1
2.848034 2
2.851025 2
2.854017 0
2.857009 0
2.860000 2
2.862992 1
2.865983 0
2.868975 0
2.871967 1
2.874959 2
2.877950 1
2.880942 1
2.883933 1
2.886925 2
2.889917 0
2.892908 1
2.895900 0
2.898891 2
2.901883 0
2.904875 1
2.907866 0
2.910858 1
2.913850 2
2.916841 1
2.919833 2
2.922825 3
2.925816 1
2.928808 1
2.931799 1
2.934791 2
2.937783 1
2.940774 3
2.943766 2
2.946758 3
2.949749 0
2.952741 1
2.955733 0
2.958724 1
2.961716 1
2.964707 1
2.967699 2
2.970691 0
2.973682 1
2.976674 0
2.979666 1
2.982657 0
2.985649 0
2.988641 1
2.991632 2
2.994624 1
2.997615 1
3.000607 0
3.003599 0
3.006590 0
3.009582 0
3.012573 0
3.015565 2
3.018557 4
3.021549 0
3.024540 2
3.027532 0
3.030523 2
3.033515 2
3.036507 0
3.039498 0
3.042490 0
3.045481 0
3.048473 0
3.051465 2
3.054456 0
3.057448 1
3.060440 2
3.063431 0
3.066423 1
3.069415 0
3.072406 1
3.075398 1
3.078389 2
3.081381 0
3.084373 0
3.087364 2
3.090356 0
3.093348 0
3.096339 0
3.099331 1
3.102323 1
3.105314 0
3.108306 1
3.111297 1
3.114289 0
3.117281 0
3.120272 0
3.123264 0
3.126256 1
3.129247 0
3.132239 2
3.135231 1
3.138222 1
3.141214 0
3.144205 2
3.147197 2
3.150189 0
3.153180 0
3.156172 0
3.159163 0
3.162155 0
3.165147 0
3.168139 0
3.171130 0
3.174122 1
3.177113 0
3.180105 1
3.183097 1
3.186088 1
3.189080 0
3.192071 0
3.195063 0
3.198055 0
3.201046 0
3.204038 0
3.207030 0
3.210021 0
3.213013 0
3.216005 0
3.218996 0
3.221988 1
3.224979 1
3.227971 0
3.230963 0
3.233954 0
3.236946 0
3.239938 1
3.242929 2
3.245921 1
3.248912 0
3.251904 2
3.254896 1
3.257887 0
3.260879 1
3.263871 2
3.266862 2
3.269854 0
3.272846 1
3.275837 1
3.278829 1
3.281820 1
3.284812 1
3.287804 0
3.290795 2
3.293787 0
3.296779 0
3.299770 0
3.302762 2
3.305753 1
3.308745 0
3.311737 1
3.314728 0
3.317720 0
3.320712 0
3.323703 1
3.326695 0
3.329686 0
3.332678 0
3.335670 1
3.338661 1
3.341653 1
3.344645 0
3.347636 1
3.350628 1
3.353620 1
3.356611 1
3.359603 1
3.362594 0
3.365586 2
3.368578 2
3.371569 0
3.374561 2
3.377553 1
3.380544 1
3.383536 0
3.386528 1
3.389519 1
3.392511 0
3.395502 1
3.398494 1
3.401486 0
3.404477 0
3.407469 2
3.410460 1
3.413452 0
3.416444 0
3.419436 1
3.422427 0
3.425419 0
3.428410 0
3.431402 0
3.434394 0
3.437385 0
3.440377 2
3.443368 0
3.446360 0
3.449352 0
3.452343 0
3.455335 1
3.458327 2
3.461318 0
3.464310 1
3.467302 0
3.470293 0
3.473285 0
3.476276 0
3.479268 1
3.482260 1
3.485251 0
3.488243 0
3.491235 0
3.494226 0
3.497218 1
3.500210 0
3.503201 0
3.506193 0
3.509184 0
3.512176 0
3.515168 0
3.518159 1
3.521151 0
3.524143 0
3.527134 0
3.530126 0
3.533118 0
3.536109 2
3.539101 1
3.542092 0
3.545084 0
3.548076 0
3.551067 0
3.554059 2
3.557050 0
3.560042 0
3.563034 0
3.566025 0
3.569017 1
3.572009 0
3.575000 0
3.577992 0
3.580984 0
3.583975 0
3.586967 1
3.589958 1
3.592950 0
3.595942 0
3.598933 0
3.601925 2
3.604917 0
3.607908 0
3.610900 0
3.613892 0
3.616883 0
3.619875 0
3.622866 2
3.625858 1
3.628850 0
3.631841 0
3.634833 0
3.637825 1
3.640816 0
3.643808 0
3.646800 1
3.649791 2
3.652783 1
3.655774 0
3.658766 0
3.661758 1
3.664749 0
3.667741 0
3.670732 1
3.673724 1
3.676716 0
3.679708 0
3.682699 0
3.685691 0
3.688682 0
3.691674 0
3.694666 0
3.697657 0
3.700649 1
3.703640 1
3.706632 0
3.709624 0
3.712615 1
3.715607 0
3.718599 0
3.721590 0
3.724582 1
3.727574 1
3.730565 0
3.733557 0
3.736548 0
3.739540 0
3.742532 0
3.745523 0
3.748515 0
3.751507 0
3.754498 0
3.757490 0
3.760482 1
3.763473 0
3.766465 0
3.769456 0
3.772448 1
3.775440 0
3.778431 0
3.781423 1
3.784415 1
3.787406 0
3.790398 0
3.793390 0
3.796381 1
3.799373 1
3.802364 0
3.805356 0
3.808348 0
3.811339 0
3.814331 0
3.817322 2
3.820314 0
3.823306 0
3.826298 0
3.829289 0
3.832281 0
3.835272 0
3.838264 0
3.841256 0
3.844247 0
3.847239 1
3.850230 1
3.853222 0
3.856214 0
3.859205 0
3.862197 1
3.865189 0
3.868180 0
3.871172 0
3.874164 0
3.877155 0
3.880147 0
3.883138 0
3.886130 0
3.889122 0
3.892113 0
3.895105 0
3.898097 0
3.901088 0
3.904080 0
3.907072 0
3.910063 0
3.913055 0
3.916046 0
3.919038 0
3.922030 1
3.925021 0
3.928013 0
3.931005 0
3.933996 1
3.936988 0
3.939980 0
3.942971 2
3.945963 0
3.948954 0
3.951946 0
3.954938 0
3.957929 0
3.960921 0
3.963912 0
3.966904 0
3.969896 0
3.972888 0
3.975879 0
3.978871 0
3.981862 0
3.984854 0
3.987846 0
3.990837 0
3.993829 0
3.996820 0
3.999812 1
4.002804 1
4.005795 0
4.008787 0
4.011779 0
4.014770 0
4.017762 0
4.020753 1
4.023745 0
4.026737 0
4.029728 0
4.032720 0
4.035712 0
4.038703 0
4.041695 0
4.044687 0
4.047678 0
4.050670 0
4.053661 0
4.056653 0
4.059645 0
4.062636 0
4.065628 0
4.068620 0
4.071611 0
4.074603 0
4.077595 0
4.080586 0
4.083578 1
4.086569 0
4.089561 0
4.092553 0
4.095544 0
4.098536 0
4.101528 0
4.104519 0
4.107511 0
4.110503 0
4.113494 0
4.116486 0
4.119477 0
4.122469 0
4.125461 0
4.128452 0
4.131444 0
4.134436 1
4.137427 1
4.140419 0
4.143411 0
4.146402 0
4.149394 0
4.152385 0
4.155377 0
4.158369 0
4.161360 0
4.164352 0
4.167344 0
4.170335 0
4.173327 0
4.176318 0
4.179310 0
4.182302 0
4.185293 0
4.188285 0
4.191277 1
4.194268 0
4.197260 0
4.200252 1
4.203243 0
4.206235 0
4.209226 0
4.212218 0
4.215209 0
4.218201 0
4.221193 0
4.224185 0
4.227176 0
4.230168 1
4.233160 0
4.236151 0
4.239143 0
4.242134 0
4.245126 0
4.248117 0
4.251109 0
4.254101 0
4.257092 0
4.260084 0
4.263076 0
4.266068 0
4.269059 0
4.272051 0
4.275042 0
4.278034 0
4.281025 0
4.284017 0
4.287009 0
4.290000 0
4.292992 0
4.295984 0
4.298975 0
4.301967 1
4.304958 0
4.307950 0
4.310942 0
4.313933 0
4.316925 0
4.319917 0
4.322908 0
4.325900 0
4.328892 1
4.331883 0
4.334875 0
4.337866 0
4.340858 0
4.343850 0
4.346841 0
4.349833 0
4.352825 0
4.355816 0
4.358808 0
4.361800 0
4.364791 0
4.367783 0
4.370774 0
4.373766 0
4.376758 1
4.379749 0
4.382741 1
4.385733 0
4.388724 0
4.391716 0
4.394708 0
4.397699 0
4.400691 0
4.403682 0
4.406674 0
4.409666 0
4.412657 0
4.415649 0
4.418641 1
4.421632 0
4.424624 0
4.427616 0
4.430607 0
4.433599 0
4.436590 0
4.439582 0
4.442574 0
4.445565 0
4.448557 0
4.451549 0
4.454540 0
4.457532 0
4.460524 0
4.463515 1
4.466506 0
4.469498 0
4.472490 0
4.475482 0
4.478473 0
4.481465 0
4.484457 0
4.487448 0
4.490440 0
4.493432 0
4.496423 0
4.499414 1
4.502406 0
4.505398 0
4.508389 0
4.511381 0
4.514373 0
4.517365 0
4.520356 0
4.523348 0
4.526340 0
4.529331 0
4.532322 0
4.535314 0
4.538306 0
4.541297 0
4.544289 0
4.547281 0
4.550272 0
4.553264 0
4.556256 0
4.559247 0
4.562239 0
4.565230 0
4.568222 1
4.571214 0
4.574205 0
4.577197 0
4.580189 1
4.583180 0
4.586172 0
4.589164 0
4.592155 0
4.595147 0
4.598138 0
4.601130 0
4.604122 0
4.607113 0
4.610105 0
4.613097 0
4.616088 0
4.619080 0
4.622072 0
4.625063 0
4.628055 0
4.631046 0
4.634038 0
4.637030 0
4.640021 0
4.643013 0
4.646005 0
4.648996 1
4.651988 2
4.654980 0
4.657971 0
4.660963 0
4.663954 0
4.666946 0
4.669938 0
4.672929 0
4.675921 0
4.678913 0
4.681904 0
4.684896 0
4.687888 0
4.690879 0
4.693871 0
4.696862 0
4.699854 1
4.702846 0
4.705837 0
4.708829 0
4.711821 0
4.714812 0
4.717804 0
4.720796 0
4.723787 0
4.726779 0
4.729770 0
4.732762 0
4.735754 0
4.738745 0
4.741737 0
4.744729 0
4.747720 0
4.750712 0
4.753704 0
4.756695 0
4.759686 0
4.762678 0
4.765670 0
4.768661 0
4.771653 0
4.774645 0
4.777637 0
4.780628 0
4.783620 0
4.786612 0
4.789603 0
4.792594 0
4.795586 0
4.798578 0
4.801569 0
4.804561 0
4.807553 0
4.810544 1
4.813536 0
4.816528 0
4.819520 0
4.822511 0
4.825502 0
4.828494 0
4.831486 0
4.834477 0
4.837469 0
4.840461 0
4.843452 0
4.846444 0
4.849436 0
4.852427 0
4.855419 0
4.858410 0
4.861402 0
4.864394 0
4.867385 0
4.870377 0
4.873369 0
4.876360 0
4.879352 0
4.882344 0
4.885335 0
4.888327 0
4.891318 0
4.894310 0
4.897302 0
4.900293 0
4.903285 0
4.906277 0
4.909268 0
4.912260 0
4.915252 1
4.918243 1
4.921235 0
4.924226 0
4.927218 0
4.930210 0
4.933201 0
4.936193 0
4.939185 1
4.942176 0
4.945168 0
4.948160 0
4.951151 0
4.954143 0
4.957134 0
4.960126 0
4.963118 0
4.966109 0
4.969101 0
4.972093 0
4.975084 0
4.978076 0
4.981068 0
4.984059 0
4.987051 0
4.990042 0
4.993034 1
4.996026 0
4.999017 0
5.002009 0
5.005001 0
5.007992 1
5.010984 0
5.013976 0
5.016967 0
5.019958 0
5.022950 0
5.025942 0
5.028934 0
5.031925 0
5.034917 0
5.037909 0
5.040900 0
5.043892 0
5.046883 0
5.049875 0
5.052866 0
5.055858 0
5.058850 0
5.061841 0
5.064833 0
5.067825 0
5.070817 0
5.073808 0
5.076800 0
5.079791 0
5.082783 0
5.085774 0
5.088766 0
5.091758 0
5.094749 0
5.097741 0
5.100733 0
5.103724 0
5.106716 0
5.109708 0
5.112699 0
5.115691 0
5.118682 0
5.121674 0
5.124666 0
5.127657 0
5.130649 0
5.133641 0
5.136632 0
5.139624 0
5.142616 1
5.145607 0
5.148599 0
5.151590 0
5.154582 0
5.157574 0
5.160565 0
5.163557 0
5.166549 0
5.169540 0
5.172532 0
5.175524 0
5.178515 0
5.181507 1
5.184498 0
5.187490 0
5.190482 0
5.193473 0
5.196465 0
5.199457 0
5.202448 0
5.205440 0
5.208431 1
5.211423 0
5.214415 0
5.217406 0
5.220398 0
5.223390 0
5.226381 0
5.229373 0
5.232365 0
5.235356 0
5.238348 0
5.241339 1
5.244331 0
5.247323 0
5.250314 0
5.253306 0
5.256298 0
5.259289 0
5.262281 0
5.265273 0
5.268264 0
5.271256 0
5.274247 0
5.277239 0
5.280231 0
5.283222 0
5.286214 0
5.289206 0
5.292197 0
5.295189 0
5.298181 0
5.301172 0
5.304164 0
5.307155 0
5.310147 0
5.313138 0
5.316130 0
5.319122 0
5.322114 0
5.325105 0
5.328097 0
5.331089 1
5.334080 0
5.337071 0
5.340063 0
5.343055 0
5.346046 0
5.349038 0
5.352030 0
5.355021 0
5.358013 0
5.361005 0
5.363997 0
5.366988 0
5.369979 0
5.372971 0
5.375963 0
5.378954 0
5.381946 0
5.384938 0
5.387929 0
5.390921 0
5.393913 0
5.396904 0
5.399896 0
5.402887 0
5.405879 0
5.408871 0
5.411862 0
5.414854 0
5.417846 0
5.420837 0
5.423829 0
5.426821 0
5.429812 0
5.432804 0
5.435795 0
5.438787 0
5.441779 0
5.444770 0
5.447762 0
5.450754 0
5.453745 0
5.456737 0
5.459729 0
5.462720 0
5.465712 0
5.468703 0
5.471695 0
5.474687 0
5.477678 0
5.480670 0
5.483662 0
5.486653 0
5.489645 0
5.492637 0
5.495628 0
5.498620 0
5.501611 0
5.504603 0
5.507595 0
5.510586 0
5.513578 0
5.516570 0
5.519561 1
5.522553 0
5.525545 0
5.528536 0
5.531528 0
5.534519 0
5.537511 0
5.540503 0
5.543494 0
5.546486 0
5.549478 0
5.552469 0
5.555461 0
5.558453 0
5.561444 0
5.564435 0
5.567427 0
5.570419 0
5.573411 0
5.576402 0
5.579394 0
5.582386 0
5.585377 0
5.588369 0
5.591361 0
5.594352 0
5.597343 0
5.600335 0
5.603327 0
5.606318 0
5.609310 0
5.612302 0
5.615294 0
5.618285 0
5.621277 0
5.624269 0
5.627260 0
5.630251 0
5.633243 0
5.636235 0
5.639226 0
5.642218 0
5.645210 1
5.648201 0
5.651193 0
5.654185 0
5.657176 0
5.660168 0
5.663159 0
5.666151 0
5.669143 0
5.672134 0
5.675126 0
5.678118 0
5.681109 0
5.684101 0
5.687093 0
5.690084 0
5.693076 0
5.696067 0
5.699059 0
5.702051 0
5.705042 0
5.708034 0
5.711026 0
5.714017 0
5.717009 0
5.720001 0
5.722992 0
5.725984 0
5.728975 0
5.731967 0
5.734959 0
5.737950 0
5.740942 0
5.743934 0
5.746925 0
5.749917 0
5.752909 0
5.755900 0
5.758892 0
5.761883 0
5.764875 0
5.767867 0
5.770858 0
5.773850 0
5.776842 0
5.779833 1
5.782825 0
5.785817 0
5.788808 0
5.791800 0
5.794791 0
5.797783 0
5.800775 0
5.803766 0
5.806758 0
5.809750 0
5.812741 0
5.815733 0
5.818725 0
5.821716 0
5.824708 0
5.827699 0
5.830691 0
5.833683 0
5.836674 0
5.839666 0
5.842658 0
5.845649 0
5.848641 0
5.851633 0
5.854624 0
5.857615 0
5.860607 0
5.863599 0
5.866590 0
5.869582 0
5.872574 0
5.875566 0
5.878557 0
5.881549 0
5.884541 0
5.887532 0
5.890523 0
5.893515 0
5.896507 0
5.899498 0
5.902490 0
5.905482 0
5.908473 0
5.911465 0
5.914457 0
5.917448 0
5.920440 0
5.923431 0
5.926423 0
5.929415 0
5.932406 0
5.935398 0
5.938390 0
5.941381 0
5.944373 0
5.947365 0
5.950356 0
5.953348 0
5.956339 0
5.959331 0
5.962323 0
5.965314 0
5.968306 0
5.971298 0
5.974289 0
5.977281 0
5.980273 0
5.983264 0
5.986256 0
5.989247 0
5.992239 0
5.995231 0
5.998222 0
6.001214 0
6.004206 0
6.007197 0
6.010189 0
6.013181 0
6.016172 0
6.019164 0
6.022155 0
6.025147 0
6.028139 0
6.031130 0
6.034122 0
6.037114 0
6.040105 0
6.043097 0
6.046089 0
6.049080 0
6.052072 0
6.055063 0
6.058055 0
6.061047 0
6.064038 0
6.067030 0
6.070022 0
6.073013 0
6.076005 0
6.078996 0
6.081988 0
6.084980 0
6.087971 0
6.090963 0
6.093955 0
6.096946 0
6.099938 0
6.102930 0
6.105921 0
6.108913 0
6.111904 0
6.114896 0
6.117887 0
6.120879 0
6.123871 1
