0.000000 40318
0.004969 417
0.009937 415
0.014906 431
0.019875 458
0.024843 484
0.029812 503
0.034781 450
0.039750 516
0.044718 479
0.049687 516
0.054656 499
0.059624 490
0.064593 519
0.069562 510
0.074530 473
0.079499 450
0.084468 455
0.089436 454
0.094405 444
0.099374 402
0.104342 436
0.109311 404
0.114280 392
0.119249 375
0.124217 355
0.129186 360
0.134155 344
0.139123 375
0.144092 362
0.149061 331
0.154029 313
0.158998 326
0.163967 345
0.168935 321
0.173904 293
0.178873 304
0.183842 325
0.188810 342
0.193779 345
0.198748 337
0.203716 326
0.208685 306
0.213654 375
0.218622 350
0.223591 349
0.228560 370
0.233528 316
0.238497 391
0.243466 395
0.248435 384
0.253403 377
0.258372 432
0.263341 416
0.268309 418
0.273278 464
0.278247 472
0.283215 459
0.288184 509
0.293153 492
0.298121 493
0.303090 477
0.308059 484
0.313027 529
0.317996 563
0.322965 509
0.327934 488
0.332902 545
0.337871 584
0.342840 578
0.347808 579
0.352777 590
0.357746 597
0.362714 620
0.367683 625
0.372652 619
0.377620 681
0.382589 645
0.387558 589
0.392527 588
0.397495 665
0.402464 632
0.407433 578
0.412401 577
0.417370 610
0.422339 596
0.427307 602
0.432276 610
0.437245 606
0.442213 639
0.447182 577
0.452151 614
0.457119 589
0.462088 565
0.467057 594
0.472026 576
0.476994 545
0.481963 579
0.486932 546
0.491900 530
0.496869 526
0.501838 610
0.506806 539
0.511775 507
0.516744 536
0.521712 552
0.526681 549
0.531650 473
0.536619 521
0.541587 527
0.546556 491
0.551525 461
0.556493 465
0.561462 459
0.566431 406
0.571399 419
0.576368 417
0.581337 406
0.586305 438
0.591274 407
0.596243 389
0.601211 415
0.606180 412
0.611149 392
0.616118 337
0.621086 384
0.626055 372
0.631024 357
0.635992 349
0.640961 415
0.645930 376
0.650898 418
0.655867 373
0.660836 339
0.665805 392
0.670773 350
0.675742 318
0.680711 358
0.685679 344
0.690648 332
0.695617 319
0.700585 338
0.705554 333
0.710523 306
0.715491 302
0.720460 286
0.725429 307
0.730397 290
0.735366 300
0.740335 291
0.745304 279
0.750272 239
0.755241 274
0.760210 252
0.765178 291
0.770147 265
0.775116 253
0.780084 228
0.785053 223
0.790022 247
0.794990 230
0.799959 245
0.804928 201
0.809897 234
0.814865 216
0.819834 223
0.824803 206
0.829771 210
0.834740 214
0.839709 186
0.844677 198
0.849646 191
0.854615 178
0.859583 174
0.864552 175
0.869521 168
0.874489 173
0.879458 147
0.884427 163
0.889396 149
0.894364 140
0.899333 143
0.904302 149
0.909270 130
0.914239 151
0.919208 144
0.924176 159
0.929145 153
0.934114 155
0.939082 143
0.944051 154
0.949020 139
0.953989 121
0.958957 132
0.963926 139
0.968895 121
0.973863 131
0.978832 115
0.983801 121
0.988769 126
0.993738 124
0.998707 113
1.003675 127
1.008644 105
1.013613 111
1.018582 124
1.023550 75
1.028519 110
1.033488 95
1.038456 107
1.043425 99
1.048394 91
1.053362 113
1.058331 111
1.063300 101
1.068268 107
1.073237 85
1.078206 85
1.083174 90
1.088143 78
1.093112 96
1.098081 77
1.103049 81
1.108018 78
1.112987 93
1.117955 85
1.122924 82
1.127893 100
1.132861 87
1.137830 72
1.142799 72
1.147767 77
1.152736 69
1.157705 61
1.162673 75
1.167642 69
1.172611 62
1.177580 76
1.182548 74
1.187517 72
1.192486 70
1.197454 68
1.202423 76
1.207392 68
1.212360 81
1.217329 85
1.222298 61
1.227266 67
1.232235 71
1.237204 77
1.242173 64
1.247141 53
1.252110 72
1.257079 65
1.262047 59
1.267016 46
1.271985 66
1.276953 62
1.281922 55
1.286891 59
1.291860 62
1.296828 49
1.301797 51
1.306766 57
1.311734 59
1.316703 54
1.321672 52
1.326640 46
1.331609 48
1.336578 48
1.341546 46
1.346515 46
1.351484 60
1.356452 54
1.361421 41
1.366390 50
1.371359 47
1.376327 49
1.381296 56
1.386265 50
1.391233 47
1.396202 51
1.401171 45
1.406139 60
1.411108 61
1.416077 47
1.421045 47
1.426014 56
1.430983 48
1.435951 46
1.440920 44
1.445889 47
1.450858 35
1.455826 49
1.460795 52
1.465764 47
1.470732 44
1.475701 33
1.480670 36
1.485638 35
1.490607 42
1.495576 37
1.500544 42
1.505513 41
1.510482 43
1.515450 49
1.520419 31
1.525388 37
1.530357 40
1.535325 32
1.540294 40
1.545263 36
1.550231 42
1.555200 36
1.560169 38
1.565137 40
1.570106 34
1.575075 33
1.580043 42
1.585012 32
1.589981 32
1.594950 28
1.599918 35
1.604887 27
1.609856 32
1.614824 34
1.619793 26
1.624762 43
1.629730 35
1.634699 34
1.639668 38
1.644637 37
1.649605 35
1.654574 36
1.659543 43
1.664511 39
1.669480 27
1.674449 39
1.679417 21
1.684386 29
1.689355 29
1.694323 29
1.699292 31
1.704261 34
1.709229 33
1.714198 31
1.719167 38
1.724136 39
1.729104 19
1.734073 31
1.739042 36
1.744010 26
1.748979 34
1.753948 38
1.758916 28
1.763885 25
1.768854 28
1.773822 29
1.778791 26
1.783760 44
1.788728 30
1.793697 20
1.798666 28
1.803635 24
1.808603 23
1.813572 27
1.818541 22
1.823509 32
1.828478 22
1.833447 30
1.838415 23
1.843384 26
1.848353 22
1.853321 25
1.858290 28
1.863259 36
1.868227 29
1.873196 21
1.878165 24
1.883134 30
1.888102 31
1.893071 19
1.898040 24
1.903008 23
1.907977 32
1.912946 35
1.917914 31
1.922883 21
1.927852 22
1.932820 20
1.937789 23
1.942758 33
1.947727 26
1.952695 28
1.957664 21
1.962633 30
1.967601 24
1.972570 23
1.977539 19
1.982507 27
1.987476 17
1.992445 24
1.997414 27
2.002382 29
2.007351 25
2.012320 21
2.017288 32
2.022257 27
2.027225 15
2.032194 27
2.037163 19
2.042132 23
2.047100 17
2.052069 32
2.057038 15
2.062006 24
2.066975 23
2.071944 16
2.076912 16
2.081881 22
2.086850 24
2.091819 23
2.096787 20
2.101756 24
2.106725 33
2.111693 20
2.116662 29
2.121631 19
2.126599 17
2.131568 16
2.136537 19
2.141505 30
2.146474 16
2.151443 21
2.156412 21
2.161380 15
2.166349 17
2.171318 13
2.176286 15
2.181255 23
2.186224 18
2.191192 21
2.196161 11
2.201130 20
2.206099 21
2.211067 18
2.216036 16
2.221004 17
2.225973 18
2.230942 22
2.235911 21
2.240879 14
2.245848 16
2.250817 16
2.255785 19
2.260754 16
2.265723 19
2.270691 12
2.275660 15
2.280629 16
2.285598 19
2.290566 19
2.295535 16
2.300503 16
2.305472 16
2.310441 20
2.315410 19
2.320378 17
2.325347 16
2.330316 11
2.335284 18
2.340253 9
2.345222 18
2.350190 12
2.355159 19
2.360128 18
2.365097 13
2.370065 15
2.375034 20
2.380002 15
2.384971 17
2.389940 14
2.394909 20
2.399877 18
2.404846 17
2.409815 20
2.414783 17
2.419752 13
2.424721 19
2.429689 13
2.434658 11
2.439627 10
2.444596 18
2.449564 18
2.454533 11
2.459502 15
2.464470 13
2.469439 10
2.474408 14
2.479376 7
2.484345 13
2.489314 15
2.494282 21
2.499251 16
2.504220 14
2.509189 9
2.514157 14
2.519126 9
2.524095 7
2.529063 23
2.534032 21
2.539001 15
2.543969 8
2.548938 10
2.553907 16
2.558876 16
2.563844 11
2.568813 18
2.573781 12
2.578750 8
2.583719 12
2.588688 10
2.593656 15
2.598625 11
2.603594 13
2.608562 14
2.613531 10
2.618500 7
2.623468 8
2.628437 7
2.633406 8
2.638375 19
2.643343 16
2.648312 12
2.653280 10
2.658249 10
2.663218 12
2.668187 8
2.673155 8
2.678124 7
2.683093 8
2.688061 17
2.693030 13
2.697999 9
2.702967 13
2.707936 11
2.712905 13
2.717874 9
2.722842 10
2.727811 11
2.732780 9
2.737748 17
2.742717 14
2.747686 14
2.752654 13
2.757623 9
2.762592 10
2.767560 12
2.772529 4
2.777498 12
2.782466 13
2.787435 7
2.792404 10
2.797373 4
2.802341 11
2.807310 9
2.812279 12
2.817247 9
2.822216 12
2.827185 3
2.832153 12
2.837122 11
2.842091 6
2.847059 6
2.852028 11
2.856997 8
2.861966 13
2.866934 15
2.871903 10
2.876872 15
2.881840 7
2.886809 3
2.891778 6
2.896746 6
2.901715 9
2.906684 8
2.911653 12
2.916621 10
2.921590 7
2.926558 8
2.931527 12
2.936496 7
2.941465 7
2.946433 11
2.951402 9
2.956371 9
2.961339 8
2.966308 9
2.971277 9
2.976245 10
2.981214 12
2.986183 4
2.991152 11
2.996120 6
3.001089 3
3.006058 8
3.011026 7
3.015995 4
3.020964 4
3.025932 7
3.030901 6
3.035870 12
3.040838 6
3.045807 8
3.050776 6
3.055744 5
3.060713 5
3.065682 9
3.070651 4
3.075619 6
3.080588 7
3.085557 6
3.090525 8
3.095494 7
3.100463 5
3.105431 11
3.110400 9
3.115369 7
3.120337 6
3.125306 4
3.130275 10
3.135243 2
3.140212 0
3.145181 4
3.150150 7
3.155118 7
3.160087 4
3.165056 7
3.170024 5
3.174993 4
3.179962 9
3.184930 6
3.189899 7
3.194868 8
3.199836 6
3.204805 4
3.209774 10
3.214743 6
3.219711 9
3.224680 4
3.229649 11
3.234617 7
3.239586 7
3.244555 8
3.249523 9
3.254492 4
3.259461 10
3.264430 7
3.269398 5
3.274367 7
3.279335 4
3.284304 4
3.289273 8
3.294242 5
3.299210 5
3.304179 6
3.309148 7
3.314116 7
3.319085 10
3.324054 1
3.329022 2
3.333991 3
3.338960 4
3.343929 1
3.348897 7
3.353866 5
3.358835 3
3.363803 8
3.368772 5
3.373741 9
3.378709 3
3.383678 4
3.388647 9
3.393615 5
3.398584 7
3.403553 12
3.408521 3
3.413490 5
3.418459 3
3.423428 7
3.428396 4
3.433365 5
3.438334 3
3.443302 3
3.448271 6
3.453240 5
3.458208 4
3.463177 3
3.468146 7
3.473114 2
3.478083 11
3.483052 5
3.488020 2
3.492989 6
3.497958 7
3.502927 8
3.507895 8
3.512864 1
3.517833 3
3.522801 5
3.527770 3
3.532739 4
3.537707 3
3.542676 3
3.547645 3
3.552613 4
3.557582 0
3.562551 3
3.567520 4
3.572488 2
3.577457 4
3.582426 6
3.587394 1
3.592363 6
3.597332 6
3.602300 1
3.607269 6
3.612238 4
3.617207 3
3.622175 0
3.627144 5
3.632113 4
3.637081 4
3.642050 7
3.647019 4
3.651987 3
3.656956 4
3.661925 3
3.666893 4
3.671862 0
3.676831 3
3.681799 1
3.686768 6
3.691737 0
3.696706 6
3.701674 2
3.706643 0
3.711612 5
3.716580 7
3.721549 4
3.726518 3
3.731486 3
3.736455 2
3.741424 3
3.746392 1
3.751361 1
3.756330 5
3.761298 3
3.766267 3
3.771236 2
3.776205 2
3.781173 9
3.786142 2
3.791111 1
3.796079 2
3.801048 0
3.806017 2
3.810985 5
3.815954 4
3.820923 2
3.825891 4
3.830860 2
3.835829 0
3.840797 1
3.845766 0
3.850735 4
3.855704 4
3.860672 1
3.865641 3
3.870610 4
3.875578 1
3.880547 6
3.885516 1
3.890484 1
3.895453 4
3.900422 0
3.905391 5
3.910359 4
3.915328 3
3.920297 2
3.925265 2
3.930234 3
3.935203 2
3.940171 2
3.945140 5
3.950109 2
3.955077 0
3.960046 4
3.965015 0
3.969984 0
3.974952 2
3.979921 2
3.984890 2
3.989858 0
3.994827 3
3.999796 2
4.004764 3
4.009733 1
4.014702 2
4.019670 5
4.024639 3
4.029608 3
4.034576 3
4.039545 4
4.044514 4
4.049482 6
4.054451 3
4.059420 1
4.064389 2
4.069357 2
4.074326 2
4.079295 0
4.084263 0
4.089232 2
4.094201 5
4.099169 2
4.104138 2
4.109107 6
4.114076 3
4.119044 2
4.124013 1
4.128982 3
4.133950 2
4.138919 1
4.143888 4
4.148856 3
4.153825 1
4.158794 2
4.163763 0
4.168731 1
4.173700 1
4.178668 2
4.183637 2
4.188606 0
4.193574 0
4.198543 1
4.203512 1
4.208481 3
4.213449 2
4.218418 2
4.223387 2
4.228355 0
4.233324 2
4.238293 0
4.243261 3
4.248230 1
4.253199 1
4.258168 5
4.263136 1
4.268105 3
4.273074 0
4.278042 1
4.283011 1
4.287980 1
4.292948 1
4.297917 1
4.302886 2
4.307855 0
4.312823 1
4.317792 2
4.322761 2
4.327729 0
4.332698 0
4.337667 2
4.342635 1
4.347604 1
4.352572 1
4.357542 1
4.362510 1
4.367479 1
4.372447 1
4.377416 0
4.382385 1
4.387353 1
4.392322 0
4.397291 3
4.402259 0
4.407228 3
4.412197 1
4.417166 2
4.422134 0
4.427103 1
4.432072 0
4.437040 2
4.442009 3
4.446978 0
4.451946 0
4.456915 1
4.461884 0
4.466853 2
4.471821 0
4.476790 0
4.481759 3
4.486727 1
4.491696 1
4.496665 2
4.501633 0
4.506602 0
4.511571 2
4.516540 0
4.521508 3
4.526477 2
4.531446 1
4.536414 1
4.541383 3
4.546351 1
4.551320 0
4.556289 2
4.561258 2
4.566226 6
4.571195 3
4.576164 1
4.581132 1
4.586101 1
4.591070 0
4.596038 1
4.601007 3
4.605976 1
4.610945 0
4.615913 0
4.620882 1
4.625851 0
4.630819 1
4.635788 0
4.640757 1
4.645725 0
4.650694 1
4.655663 1
4.660632 1
4.665600 0
4.670569 1
4.675538 0
4.680506 0
4.685475 0
4.690444 1
4.695412 2
4.700381 2
4.705349 1
4.710319 0
4.715287 0
4.720256 0
4.725224 0
4.730193 0
4.735162 1
4.740130 1
4.745099 1
4.750068 1
4.755036 0
4.760005 0
4.764974 4
4.769943 1
4.774911 0
4.779880 1
4.784849 3
4.789817 0
4.794786 1
4.799755 2
4.804723 1
4.809692 0
4.814661 1
4.819630 1
4.824598 0
4.829567 1
4.834536 2
4.839504 1
4.844473 1
4.849442 0
4.854410 1
4.859379 0
4.864348 1
4.869317 1
4.874285 0
4.879254 0
4.884223 1
4.889191 0
4.894160 2
4.899128 1
4.904097 1
4.909066 0
4.914035 0
4.919003 2
4.923972 0
4.928941 0
4.933909 2
4.938878 3
4.943847 1
4.948815 1
4.953784 0
4.958753 2
4.963722 0
4.968690 2
4.973659 3
4.978628 1
4.983596 0
4.988565 1
4.993534 1
4.998502 0
5.003471 0
5.008440 0
5.013409 1
5.018377 1
5.023346 1
5.028315 1
5.033283 1
5.038252 0
5.043221 1
5.048189 1
5.053158 0
5.058126 0
5.063096 0
5.068064 0
5.073033 0
5.078001 1
5.082970 0
5.087939 1
5.092907 0
5.097876 1
5.102845 1
5.107813 0
5.112782 0
5.117751 2
5.122720 0
5.127688 1
5.132657 0
5.137626 0
5.142594 1
5.147563 0
5.152532 1
5.157500 1
5.162469 1
5.167438 0
5.172407 0
5.177375 0
5.182344 0
5.187313 1
5.192281 0
5.197250 1
5.202219 0
5.207187 2
5.212156 1
5.217125 1
5.222094 1
5.227062 0
5.232031 1
5.237000 0
5.241968 2
5.246937 0
5.251905 0
5.256874 0
5.261843 1
5.266812 1
5.271780 1
5.276749 0
5.281718 0
5.286686 0
5.291655 0
5.296624 2
5.301592 0
5.306561 0
5.311530 0
5.316499 0
5.321467 0
5.326436 1
5.331405 0
5.336373 0
5.341342 0
5.346311 0
5.351279 0
5.356248 1
5.361217 0
5.366186 1
5.371154 0
5.376123 1
5.381092 1
5.386060 1
5.391029 0
5.395998 0
5.400966 1
5.405935 0
5.410903 0
5.415873 1
5.420841 0
5.425810 0
5.430779 1
5.435747 0
5.440716 0
5.445684 0
5.450653 0
5.455622 0
5.460590 2
5.465559 1
5.470528 0
5.475497 0
5.480465 0
5.485434 0
5.490403 0
5.495371 0
5.500340 0
5.505309 0
5.510277 1
5.515246 0
5.520215 0
5.525184 0
5.530152 1
5.535121 0
5.540090 0
5.545058 0
5.550027 0
5.554996 0
5.559964 0
5.564933 0
5.569902 0
5.574871 0
5.579839 0
5.584808 0
5.589777 2
5.594745 0
5.599714 0
5.604682 0
5.609651 1
5.614620 1
5.619589 0
5.624557 0
5.629526 0
5.634495 1
5.639463 0
5.644432 0
5.649401 0
5.654369 0
5.659338 0
5.664307 0
5.669276 0
5.674244 0
5.679213 0
5.684182 0
5.689150 0
5.694119 1
5.699088 0
5.704056 0
5.709025 0
5.713994 1
5.718963 1
5.723931 0
5.728900 1
5.733869 0
5.738837 0
5.743806 0
5.748775 0
5.753743 0
5.758712 0
5.763680 1
5.768650 0
5.773618 0
5.778587 0
5.783556 0
5.788524 0
5.793493 0
5.798461 0
5.803430 0
5.808399 1
5.813367 1
5.818336 0
5.823305 0
5.828274 0
5.833242 0
5.838211 0
5.843180 0
5.848148 0
5.853117 0
5.858086 0
5.863054 0
5.868023 1
5.872992 0
5.877961 0
5.882929 0
5.887898 0
5.892867 0
5.897835 0
5.902804 0
5.907773 0
5.912741 0
5.917710 0
5.922679 0
5.927648 2
5.932616 0
5.937585 0
5.942554 0
5.947522 1
5.952491 0
5.957459 0
5.962428 0
5.967397 1
5.972366 0
5.977334 0
5.982303 0
5.987272 0
5.992240 0
5.997209 0
6.002178 0
6.007146 0
6.012115 0
6.017084 0
6.022053 1
6.027021 0
6.031990 0
6.036959 1
6.041927 0
6.046896 1
6.051865 0
6.056833 1
6.061802 0
6.066771 0
6.071740 1
6.076708 0
6.081677 0
6.086646 0
6.091614 0
6.096583 0
6.101552 0
6.106520 0
6.111489 0
6.116457 0
6.121427 0
6.126395 0
6.131364 0
6.136333 0
6.141301 0
6.146270 0
6.151238 0
6.156207 1
6.161176 0
6.166144 0
6.171113 0
6.176082 0
6.181051 0
6.186019 0
6.190988 0
6.195957 1
6.200925 0
6.205894 0
6.210863 0
6.215831 0
6.220800 0
6.225769 0
6.230738 0
6.235706 2
6.240675 1
6.245644 0
6.250612 0
6.255581 0
6.260550 1
6.265518 0
6.270487 0
6.275456 0
6.280425 0
6.285393 1
6.290362 0
6.295331 0
6.300299 0
6.305268 0
6.310236 0
6.315205 0
6.320174 0
6.325143 0
6.330112 0
6.335080 1
6.340049 0
6.345017 0
6.349986 0
6.354955 1
6.359923 0
6.364892 0
6.369861 0
6.374830 0
6.379798 0
6.384767 0
6.389736 0
6.394704 0
6.399673 0
6.404642 0
6.409610 0
6.414579 0
6.419548 0
6.424517 0
6.429485 0
6.434454 0
6.439423 0
6.444391 0
6.449360 0
6.454329 0
6.459297 0
6.464266 1
6.469234 1
6.474204 0
6.479172 0
6.484141 0
6.489110 0
6.494078 0
6.499047 0
6.504015 0
6.508984 0
6.513953 0
6.518921 0
6.523890 0
6.528859 0
6.533828 0
6.538796 0
6.543765 0
6.548734 0
6.553702 0
6.558671 0
6.563640 0
6.568608 0
6.573577 0
6.578546 0
6.583515 0
6.588483 0
6.593452 0
6.598421 0
6.603389 0
6.608358 0
6.613327 0
6.618295 0
6.623264 0
6.628233 0
6.633202 0
6.638170 0
6.643139 0
6.648108 0
6.653076 0
6.658045 0
6.663013 0
6.667982 0
6.672951 0
6.677920 0
6.682889 0
6.687857 0
6.692826 0
6.697794 0
6.702763 1
6.707732 0
6.712700 0
6.717669 0
6.722638 0
6.727607 0
6.732575 0
6.737544 0
6.742513 0
6.747481 0
6.752450 0
6.757419 0
6.762387 0
6.767356 0
6.772325 0
6.777294 0
6.782262 0
6.787231 0
6.792200 0
6.797168 0
6.802137 0
6.807106 1
6.812074 0
6.817043 0
6.822011 0
6.826981 0
6.831949 0
6.836918 0
6.841887 0
6.846855 0
6.851824 0
6.856792 0
6.861761 0
6.866730 0
6.871698 0
6.876667 0
6.881636 0
6.886605 0
6.891573 0
6.896542 0
6.901511 0
6.906479 0
6.911448 0
6.916417 0
6.921385 0
6.926354 0
6.931323 0
6.936292 0
6.941260 0
6.946229 0
6.951198 0
6.956166 0
6.961135 0
6.966104 0
6.971072 1
6.976041 0
6.981010 0
6.985979 0
6.990947 0
6.995916 0
7.000885 0
7.005853 0
7.010822 0
7.015790 0
7.020759 0
7.025728 0
7.030697 0
7.035666 0
7.040634 0
7.045603 0
7.050571 0
7.055540 0
7.060509 1
7.065477 0
7.070446 0
7.075415 0
7.080384 0
7.085352 0
7.090321 0
7.095290 0
7.100258 0
7.105227 0
7.110196 0
7.115164 1
7.120133 0
7.125102 0
7.130071 0
7.135039 0
7.140008 0
7.144977 0
7.149945 0
7.154914 0
7.159883 1
7.164851 0
7.169820 0
7.174788 0
7.179758 0
7.184726 0
7.189695 0
7.194664 0
7.199632 0
7.204601 0
7.209569 0
7.214538 0
7.219507 0
7.224475 0
7.229445 0
7.234413 0
7.239382 0
7.244350 0
7.249319 0
7.254288 0
7.259256 0
7.264225 0
7.269194 0
7.274162 1
7.279131 0
7.284100 0
7.289069 0
7.294037 0
7.299006 0
7.303975 0
7.308943 0
7.313912 0
7.318881 0
7.323849 0
7.328818 0
7.333787 0
7.338756 0
7.343724 0
7.348693 0
7.353662 0
7.358630 0
7.363599 0
7.368567 0
7.373536 0
7.378505 0
7.383474 0
7.388443 0
7.393411 0
7.398380 0
7.403348 0
7.408317 0
7.413286 0
7.418254 0
7.423223 0
7.428192 0
7.433161 0
7.438129 0
7.443098 0
7.448067 0
7.453035 0
7.458004 0
7.462973 0
7.467941 0
7.472910 0
7.477879 0
7.482848 0
7.487816 0
7.492785 0
7.497754 0
7.502722 0
7.507691 0
7.512660 0
7.517628 0
7.522597 0
7.527565 0
7.532535 0
7.537503 0
7.542472 0
7.547441 0
7.552409 0
7.557378 0
7.562346 0
7.567315 0
7.572284 0
7.577252 0
7.582222 0
7.587190 0
7.592159 0
7.597127 0
7.602096 0
7.607065 0
7.612033 0
7.617002 0
7.621971 0
7.626939 0
7.631908 0
7.636877 0
7.641846 0
7.646814 0
7.651783 0
7.656752 0
7.661720 0
7.666689 0
7.671658 0
7.676626 0
7.681595 0
7.686564 0
7.691533 0
7.696501 0
7.701470 0
7.706439 0
7.711407 0
7.716376 0
7.721344 0
7.726313 0
7.731282 0
7.736251 0
7.741220 0
7.746188 0
7.751157 0
7.756125 0
7.761094 0
7.766063 0
7.771031 0
7.776000 0
7.780969 0
7.785938 0
7.790906 0
7.795875 0
7.800844 0
7.805812 0
7.810781 0
7.815750 0
7.820718 0
7.825687 0
7.830656 0
7.835625 0
7.840593 0
7.845562 0
7.850531 0
7.855499 0
7.860468 0
7.865437 0
7.870405 0
7.875374 0
7.880342 0
7.885312 0
7.890280 0
7.895249 0
7.900218 0
7.905186 0
7.910155 0
7.915123 0
7.920092 0
7.925061 0
7.930029 0
7.934999 0
7.939967 0
7.944936 0
7.949904 0
7.954873 0
7.959842 0
7.964810 0
7.969779 0
7.974748 0
7.979716 0
7.984685 0
7.989654 0
7.994623 0
7.999591 0
8.004560 0
8.009528 0
8.014498 0
8.019466 0
8.024435 0
8.029404 0
8.034372 0
8.039341 0
8.044310 0
8.049278 0
8.054247 0
8.059216 0
8.064184 0
8.069153 0
8.074121 0
8.079090 0
8.084059 0
8.089027 0
8.093996 0
8.098965 0
8.103933 0
8.108902 0
8.113872 0
8.118840 0
8.123809 0
8.128778 0
8.133746 0
8.138715 0
8.143683 0
8.148652 0
8.153621 0
8.158589 0
8.163558 0
8.168527 0
8.173495 0
8.178464 0
8.183433 0
8.188401 0
8.193370 0
8.198339 0
8.203307 0
8.208276 0
8.213245 0
8.218214 0
8.223183 0
8.228151 0
8.233120 0
8.238089 0
8.243057 0
8.248026 0
8.252995 0
8.257963 0
8.262932 0
8.267900 0
8.272869 1
8.277838 0
8.282806 0
8.287775 0
8.292744 0
8.297712 0
8.302681 0
8.307650 0
8.312619 0
8.317588 0
8.322556 0
8.327525 0
8.332494 0
8.337462 0
8.342431 0
8.347400 0
8.352368 0
8.357337 0
8.362306 0
8.367274 0
8.372243 0
8.377212 0
8.382180 0
8.387149 0
8.392118 0
8.397086 0
8.402055 0
8.407023 0
8.411992 0
8.416962 0
8.421930 0
8.426899 0
8.431868 0
8.436836 0
8.441805 0
8.446774 0
8.451742 0
8.456711 0
8.461679 0
8.466648 0
8.471617 0
8.476585 0
8.481554 0
8.486523 0
8.491491 0
8.496460 0
8.501429 0
8.506397 0
8.511366 0
8.516335 0
8.521304 0
8.526273 0
8.531241 0
8.536210 0
8.541179 0
8.546147 0
8.551116 0
8.556085 0
8.561053 0
8.566022 0
8.570991 0
8.575959 0
8.580928 0
8.585896 0
8.590865 0
8.595834 0
8.600802 0
8.605771 0
8.610740 0
8.615709 0
8.620678 0
8.625647 0
8.630615 0
8.635584 0
8.640553 0
8.645521 0
8.650490 0
8.655458 0
8.660427 0
8.665396 0
8.670364 0
8.675333 0
8.680302 0
8.685270 0
8.690239 0
8.695208 0
8.700176 0
8.705145 0
8.710114 0
8.715083 0
8.720052 0
8.725020 0
8.729989 0
8.734958 0
8.739926 0
8.744895 0
8.749864 0
8.754832 0
8.759801 0
8.764770 0
8.769738 0
8.774707 0
8.779675 0
8.784644 0
8.789613 0
8.794581 0
8.799550 0
8.804519 0
8.809487 0
8.814456 0
8.819426 0
8.824394 0
8.829363 0
8.834332 0
8.839300 0
8.844269 0
8.849237 0
8.854206 0
8.859175 0
8.864143 0
8.869112 0
8.874081 0
8.879049 0
8.884018 0
8.888987 0
8.893955 0
8.898924 0
8.903893 0
8.908861 0
8.913830 0
8.918799 0
8.923768 0
8.928737 0
8.933705 0
8.938674 0
8.943643 0
8.948611 0
8.953580 0
8.958549 0
8.963517 0
8.968486 0
8.973454 0
8.978423 0
8.983392 0
8.988360 0
8.993329 0
8.998298 0
9.003266 0
9.008235 0
9.013204 0
9.018173 0
9.023142 0
9.028111 0
9.033079 1
9.038048 0
9.043016 0
9.047985 0
9.052954 0
9.057922 0
9.062891 0
9.067860 0
9.072828 0
9.077797 0
9.082766 0
9.087734 0
9.092703 0
9.097672 0
9.102640 0
9.107609 0
9.112577 0
9.117546 0
9.122516 0
9.127484 0
9.132453 0
9.137422 0
9.142390 0
9.147359 0
9.152328 0
9.157296 0
9.162265 0
9.167233 0
9.172202 0
9.177171 0
9.182139 0
9.187108 0
9.192077 0
9.197045 0
9.202014 0
9.206983 0
9.211951 0
9.216920 0
9.221889 0
9.226858 0
9.231827 0
9.236795 0
9.241764 0
9.246733 0
9.251701 0
9.256670 0
9.261639 0
9.266607 0
9.271576 0
9.276545 0
9.281513 0
9.286482 0
9.291451 0
9.296419 0
9.301388 0
9.306356 0
9.311325 0
9.316294 0
9.321263 0
9.326232 0
9.331201 0
9.336169 0
9.341138 0
9.346107 0
9.351075 0
9.356044 0
9.361012 0
9.365981 0
9.370950 0
9.375918 0
9.380887 0
9.385856 0
9.390824 0
9.395793 0
9.400762 0
9.405730 0
9.410699 0
9.415668 0
9.420637 0
9.425606 0
9.430574 0
9.435543 0
9.440512 0
9.445480 0
9.450449 0
9.455418 0
9.460386 0
9.465355 0
9.470324 0
9.475292 0
9.480261 0
9.485229 0
9.490198 0
9.495167 0
9.500135 0
9.505104 0
9.510073 0
9.515041 0
9.520010 0
9.524980 0
9.529948 0
9.534917 0
9.539886 0
9.544854 0
9.549823 0
9.554791 0
9.559760 0
9.564729 0
9.569697 0
9.574666 0
9.579635 0
9.584603 0
9.589572 0
9.594541 0
9.599509 0
9.604478 0
9.609447 0
9.614415 0
9.619384 0
9.624353 0
9.629322 0
9.634291 0
9.639259 0
9.644228 0
9.649197 0
9.654165 0
9.659134 0
9.664103 0
9.669071 0
9.674040 0
9.679008 0
9.683977 0
9.688946 0
9.693914 0
9.698883 0
9.703852 0
9.708820 0
9.713789 0
9.718758 0
9.723727 0
9.728696 0
9.733665 0
9.738633 0
9.743602 0
9.748570 0
9.753539 0
9.758508 0
9.763476 0
9.768445 0
9.773414 0
9.778382 0
9.783351 0
9.788320 0
9.793288 0
9.798257 0
9.803226 0
9.808194 0
9.813163 0
9.818131 0
9.823100 0
9.828070 0
9.833038 0
9.838007 0
9.842976 0
9.847944 0
9.852913 0
9.857882 0
9.862850 0
9.867819 0
9.872787 0
9.877756 0
9.882725 0
9.887693 0
9.892662 0
9.897631 0
9.902599 0
9.907568 0
9.912537 0
9.917505 0
9.922474 0
9.927444 0
9.932412 0
9.937381 0
9.942349 0
9.947318 0
9.952287 0
9.957255 0
9.962224 0
9.967193 0
9.972161 0
9.977130 0
9.982099 0
9.987067 0
9.992036 0
9.997005 0
10.001973 0
10.006942 0
10.011910 0
10.016879 0
10.021848 0
10.026817 0
10.031786 0
10.036755 0
10.041723 0
10.046692 0
10.051661 0
10.056629 0
10.061598 0
10.066566 0
10.071535 0
10.076504 0
10.081472 0
10.086441 0
10.091410 0
10.096378 0
10.101347 0
10.106316 0
10.111284 0
10.116253 0
10.121222 0
10.126191 0
10.131160 0
10.136128 0
10.141097 0
10.146066 0
10.151034 0
10.156003 0
10.160972 0
10.165940 0
10.170909 1
