0.000000 10957
0.002714 13
0.005429 14
0.008143 9
0.010857 16
0.013572 16
0.016286 11
0.019001 20
0.021715 8
0.024429 9
0.027144 6
0.029858 10
0.032572 11
0.035287 13
0.038001 8
0.040715 7
0.043430 12
0.046144 12
0.048859 10
0.051573 7
0.054287 15
0.057002 12
0.059716 7
0.062430 14
0.065145 13
0.067859 7
0.070574 14
0.073288 9
0.076002 14
0.078717 14
0.081431 17
0.084145 12
0.086860 8
0.089574 16
0.092288 11
0.095003 10
0.097717 11
0.100432 17
0.103146 9
0.105860 7
0.108575 14
0.111289 15
0.114003 14
0.116718 13
0.119432 12
0.122146 11
0.124861 9
0.127575 13
0.130290 8
0.133004 9
0.135718 15
0.138433 10
0.141147 15
0.143861 7
0.146576 14
0.149290 10
0.152004 15
0.154719 14
0.157433 14
0.160148 11
0.162862 20
0.165576 14
0.168291 14
0.171005 10
0.173719 17
0.176434 10
0.179148 10
0.181862 9
0.184577 9
0.187291 11
0.190006 10
0.192720 11
0.195434 15
0.198149 11
0.200863 12
0.203577 14
0.206292 15
0.209006 6
0.211721 13
0.214435 7
0.217149 15
0.219864 13
0.222578 4
0.225292 10
0.228007 12
0.230721 9
0.233435 13
0.236150 10
0.238864 8
0.241579 8
0.244293 17
0.247007 14
0.249722 11
0.252436 10
0.255150 11
0.257865 13
0.260579 13
0.263293 12
0.266008 15
0.268722 19
0.271437 20
0.274151 9
0.276865 8
0.279580 14
0.282294 8
0.285008 14
0.287723 13
0.290437 9
0.293151 10
0.295866 6
0.298580 8
0.301295 8
0.304009 11
0.306723 13
0.309438 12
0.312152 13
0.314866 13
0.317581 8
0.320295 6
0.323009 10
0.325724 18
0.328438 9
0.331153 17
0.333867 10
0.336581 10
0.339296 9
0.342010 7
0.344724 9
0.347439 13
0.350153 7
0.352868 9
0.355582 7
0.358296 10
0.361011 15
0.363725 13
0.366439 12
0.369154 11
0.371868 14
0.374582 10
0.377297 13
0.380011 14
0.382726 10
0.385440 15
0.388154 15
0.390869 6
0.393583 14
0.396297 20
0.399012 10
0.401726 11
0.404440 7
0.407155 10
0.409869 11
0.412584 12
0.415298 9
0.418012 13
0.420727 7
0.423441 8
0.426155 5
0.428870 10
0.431584 11
0.434298 10
0.437013 8
0.439727 14
0.442442 12
0.445156 8
0.447870 14
0.450585 6
0.453299 7
0.456013 11
0.458728 8
0.461442 9
0.464157 15
0.466871 10
0.469585 11
0.472300 7
0.475014 6
0.477728 9
0.480443 4
0.483157 14
0.485871 10
0.488586 5
0.491300 8
0.494015 9
0.496729 10
0.499443 9
0.502158 11
0.504872 11
0.507586 15
0.510301 12
0.513015 9
0.515729 10
0.518444 9
0.521158 8
0.523873 18
0.526587 8
0.529301 7
0.532016 6
0.534730 8
0.537444 6
0.540159 9
0.542873 11
0.545587 10
0.548302 11
0.551016 8
0.553731 13
0.556445 8
0.559159 8
0.561874 9
0.564588 11
0.567302 6
0.570017 11
0.572731 7
0.575445 14
0.578160 9
0.580874 7
0.583589 10
0.586303 13
0.589017 11
0.591732 10
0.594446 9
0.597160 7
0.599875 8
0.602589 9
0.605304 9
0.608018 5
0.610732 12
0.613447 2
0.616161 6
0.618875 12
0.621590 12
0.624304 10
0.627018 8
0.629733 9
0.632447 12
0.635162 7
0.637876 8
0.640590 6
0.643305 13
0.646019 10
0.648733 8
0.651448 8
0.654162 9
0.656876 13
0.659591 8
0.662305 5
0.665020 6
0.667734 13
0.670448 4
0.673163 9
0.675877 10
0.678591 12
0.681306 9
0.684020 11
0.686734 0
0.689449 5
0.692163 8
0.694878 6
0.697592 9
0.700306 14
0.703021 10
0.705735 6
0.708449 10
0.711164 10
0.713878 7
0.716592 7
0.719307 7
0.722021 4
0.724736 6
0.727450 16
0.730164 6
0.732879 9
0.735593 3
0.738307 11
0.741022 6
0.743736 8
0.746450 8
0.749165 5
0.751879 10
0.754594 11
0.757308 4
0.760022 13
0.762737 8
0.765451 4
0.768165 10
0.770880 10
0.773594 9
0.776309 12
0.779023 9
0.781737 8
0.784452 9
0.787166 11
0.789880 6
0.792595 7
0.795309 7
0.798023 11
0.800738 6
0.803452 10
0.806167 2
0.808881 4
0.811595 12
0.814310 11
0.817024 7
0.819738 10
0.822453 9
0.825167 8
0.827881 7
0.830596 6
0.833310 10
0.836025 12
0.838739 10
0.841453 8
0.844168 6
0.846882 6
0.849596 9
0.852311 10
0.855025 10
0.857740 8
0.860454 4
0.863168 1
0.865883 8
0.868597 8
0.871311 4
0.874026 9
0.876740 13
0.879454 7
0.882169 10
0.884883 8
0.887598 5
0.890312 10
0.893026 7
0.895741 9
0.898455 8
0.901169 3
0.903884 3
0.906598 8
0.909312 7
0.912027 1
0.914741 7
0.917456 7
0.920170 11
0.922884 2
0.925599 5
0.928313 6
0.931027 11
0.933742 3
0.936456 8
0.939170 6
0.941885 7
0.944599 5
0.947314 6
0.950028 5
0.952742 5
0.955457 9
0.958171 12
0.960885 10
0.963600 11
0.966314 6
0.969028 6
0.971743 8
0.974457 12
0.977172 4
0.979886 10
0.982600 7
0.985315 2
0.988029 7
0.990743 7
0.993458 7
0.996172 5
0.998887 7
1.001601 5
1.004315 9
1.007030 5
1.009744 8
1.012458 5
1.015173 8
1.017887 7
1.020601 4
1.023316 5
1.026030 3
1.028745 10
1.031459 6
1.034173 11
1.036888 10
1.039602 10
1.042316 5
1.045031 8
1.047745 3
1.050459 6
1.053174 7
1.055888 5
1.058603 11
1.061317 3
1.064031 6
1.066746 5
1.069460 3
1.072174 3
1.074889 7
1.077603 11
1.080317 6
1.083032 13
1.085746 4
1.088461 7
1.091175 9
1.093889 2
1.096604 8
1.099318 2
1.102032 4
1.104747 3
1.107461 6
1.110175 6
1.112890 9
1.115604 8
1.118319 11
1.121033 5
1.123747 7
1.126462 5
1.129176 5
1.131890 6
1.134605 5
1.137319 2
1.140033 5
1.142748 5
1.145462 5
1.148177 8
1.150891 9
1.153605 5
1.156320 0
1.159034 8
1.161748 6
1.164463 8
1.167177 4
1.169891 6
1.172606 7
1.175320 6
1.178035 5
1.180749 3
1.183463 7
1.186178 5
1.188892 5
1.191606 7
1.194321 4
1.197035 3
1.199750 8
1.202464 11
1.205178 3
1.207893 1
1.210607 1
1.213321 4
1.216036 5
1.218750 4
1.221465 4
1.224179 4
1.226893 4
1.229608 7
1.232322 3
1.235036 6
1.237751 6
1.240465 7
1.243179 10
1.245894 6
1.248608 4
1.251323 5
1.254037 2
1.256751 5
1.259466 3
1.262180 3
1.264894 4
1.267609 8
1.270323 4
1.273037 7
1.275752 4
1.278466 4
1.281181 6
1.283895 4
1.286609 8
1.289324 6
1.292038 1
1.294752 7
1.297467 8
1.300181 7
1.302895 4
1.305610 7
1.308324 3
1.311038 1
1.313753 9
1.316467 8
1.319182 5
1.321896 9
1.324610 3
1.327325 4
1.330039 6
1.332753 5
1.335468 4
1.338182 2
1.340897 1
1.343611 3
1.346325 4
1.349040 3
1.351754 4
1.354468 3
1.357183 2
1.359897 5
1.362612 5
1.365326 6
1.368040 4
1.370755 5
1.373469 6
1.376183 4
1.378898 3
1.381612 4
1.384326 7
1.387041 3
1.389755 5
1.392470 7
1.395184 4
1.397898 6
1.400613 3
1.403327 6
1.406041 2
1.408756 5
1.411470 9
1.414184 5
1.416899 3
1.419613 4
1.422328 3
1.425042 1
1.427756 0
1.430471 2
1.433185 2
1.435899 5
1.438614 8
1.441328 3
1.444042 5
1.446757 6
1.449471 4
1.452186 5
1.454900 2
1.457614 4
1.460329 3
1.463043 7
1.465757 5
1.468472 3
1.471186 3
1.473900 8
1.476615 4
1.479329 2
1.482044 7
1.484758 9
1.487472 4
1.490187 5
1.492901 4
1.495615 4
1.498330 3
1.501044 6
1.503758 6
1.506473 5
1.509187 5
1.511902 1
1.514616 2
1.517330 1
1.520045 8
1.522759 2
1.525473 6
1.528188 4
1.530902 3
1.533617 1
1.536331 3
1.539045 1
1.541760 2
1.544474 3
1.547188 2
1.549903 1
1.552617 4
1.555331 2
1.558046 3
1.560760 7
1.563475 8
1.566189 4
1.568903 4
1.571618 3
1.574332 1
1.577046 5
1.579761 3
1.582475 4
1.585189 3
1.587904 3
1.590618 0
1.593333 4
1.596047 3
1.598761 1
1.601476 3
1.604190 4
1.606904 3
1.609619 4
1.612333 2
1.615047 2
1.617762 5
1.620476 1
1.623191 3
1.625905 2
1.628619 0
1.631334 5
1.634048 3
1.636762 2
1.639477 0
1.642191 4
1.644905 3
1.647620 4
1.650334 3
1.653049 3
1.655763 1
1.658477 5
1.661192 3
1.663906 1
1.666620 1
1.669335 2
1.672049 0
1.674764 3
1.677478 3
1.680192 4
1.682907 8
1.685621 5
1.688335 2
1.691050 0
1.693764 4
1.696478 1
1.699193 2
1.701907 3
1.704622 3
1.707336 1
1.710050 2
1.712765 2
1.715479 3
1.718193 5
1.720908 3
1.723622 2
1.726336 3
1.729051 1
1.731765 2
1.734480 6
1.737194 2
1.739908 2
1.742623 3
1.745337 3
1.748051 3
1.750766 1
1.753480 3
1.756194 4
1.758909 2
1.761623 2
1.764338 4
1.767052 4
1.769766 2
1.772481 3
1.775195 3
1.777909 3
1.780624 4
1.783338 3
1.786052 7
1.788767 0
1.791481 3
1.794196 4
1.796910 3
1.799624 3
1.802339 4
1.805053 2
1.807767 2
1.810482 6
1.813196 4
1.815910 5
1.818625 1
1.821339 1
1.824054 1
1.826768 5
1.829482 0
1.832197 2
1.834911 1
1.837625 4
1.840340 3
1.843054 3
1.845769 0
1.848483 3
1.851197 1
1.853912 1
1.856626 3
1.859340 2
1.862055 5
1.864769 3
1.867483 2
1.870198 3
1.872912 2
1.875627 3
1.878341 2
1.881055 3
1.883770 4
1.886484 3
1.889198 4
1.891913 2
1.894627 5
1.897341 1
1.900056 3
1.902770 0
1.905485 3
1.908199 1
1.910913 0
1.913628 2
1.916342 3
1.919056 1
1.921771 1
1.924485 4
1.927199 2
1.929914 1
1.932628 3
1.935343 1
1.938057 3
1.940771 3
1.943486 1
1.946200 2
1.948914 2
1.951629 2
1.954343 2
1.957057 3
1.959772 3
1.962486 3
1.965201 2
1.967915 3
1.970629 1
1.973344 1
1.976058 0
1.978772 1
1.981487 2
1.984201 1
1.986916 2
1.989630 1
1.992344 0
1.995059 3
1.997773 2
2.000487 1
2.003202 2
2.005916 0
2.008631 0
2.011345 0
2.014059 1
2.016773 1
2.019488 3
2.022202 2
2.024917 0
2.027631 1
2.030345 3
2.033060 3
2.035774 0
2.038488 0
2.041203 1
2.043917 1
2.046632 2
2.049346 2
2.052060 0
2.054775 2
2.057489 1
2.060203 3
2.062918 1
2.065632 2
2.068347 0
2.071061 2
2.073775 2
2.076490 0
2.079204 0
2.081918 0
2.084633 0
2.087347 2
2.090061 2
2.092776 4
2.095490 1
2.098205 4
2.100919 1
2.103633 1
2.106348 0
2.109062 2
2.111776 3
2.114491 1
2.117205 0
2.119920 2
2.122634 0
2.125348 3
2.128062 0
2.130777 2
2.133491 0
2.136206 3
2.138920 2
2.141634 1
2.144349 1
2.147063 1
2.149777 0
2.152492 1
2.155206 0
2.157921 1
2.160635 3
2.163349 2
2.166064 1
2.168778 0
2.171492 2
2.174207 2
2.176921 4
2.179636 1
2.182350 3
2.185064 4
2.187778 2
2.190493 1
2.193207 2
2.195922 1
2.198636 2
2.201350 0
2.204065 2
2.206779 3
2.209493 3
2.212208 2
2.214922 1
2.217637 1
2.220351 3
2.223065 1
2.225780 0
2.228494 1
2.231208 1
2.233923 2
2.236637 3
2.239352 1
2.242066 0
2.244780 2
2.247495 2
2.250209 1
2.252923 1
2.255638 0
2.258352 0
2.261066 0
2.263781 1
2.266495 1
2.269210 2
2.271924 1
2.274638 3
2.277353 2
2.280067 1
2.282781 2
2.285496 0
2.288210 3
2.290925 2
2.293639 0
2.296353 1
2.299067 0
2.301782 1
2.304496 0
2.307211 1
2.309925 1
2.312639 2
2.315354 2
2.318068 3
2.320782 0
2.323497 1
2.326211 2
2.328926 1
2.331640 1
2.334354 1
2.337069 1
2.339783 1
2.342497 4
2.345212 3
2.347926 2
2.350641 2
2.353355 0
2.356069 0
2.358784 1
2.361498 2
2.364212 0
2.366927 0
2.369641 1
2.372355 3
2.375070 1
2.377784 0
2.380499 1
2.383213 0
2.385927 1
2.388642 3
2.391356 1
2.394070 1
2.396785 0
2.399499 0
2.402214 1
2.404928 0
2.407642 0
2.410357 1
2.413071 0
2.415785 0
2.418500 0
2.421214 0
2.423928 1
2.426643 1
2.429357 1
2.432071 0
2.434786 3
2.437500 0
2.440215 0
2.442929 2
2.445643 1
2.448358 2
2.451072 2
2.453786 1
2.456501 2
2.459215 1
2.461930 1
2.464644 1
2.467358 1
2.470073 1
2.472787 0
2.475501 3
2.478216 1
2.480930 1
2.483644 0
2.486359 2
2.489073 1
2.491787 0
2.494502 1
2.497216 0
2.499931 2
2.502645 0
2.505359 1
2.508074 0
2.510788 1
2.513502 0
2.516217 1
2.518931 0
2.521646 2
2.524360 1
2.527074 1
2.529789 0
2.532503 2
2.535217 2
2.537932 1
2.540646 2
2.543360 0
2.546075 0
2.548789 1
2.551504 0
2.554218 1
2.556932 1
2.559647 0
2.562361 0
2.565075 0
2.567790 0
2.570504 1
2.573219 0
2.575933 2
2.578647 0
2.581362 0
2.584076 1
2.586790 2
2.589505 1
2.592219 0
2.594934 0
2.597648 0
2.600362 1
2.603076 1
2.605791 0
2.608505 1
2.611220 1
2.613934 0
2.616648 0
2.619363 0
2.622077 1
2.624791 0
2.627506 1
2.630220 1
2.632935 0
2.635649 0
2.638363 1
2.641078 1
2.643792 1
2.646506 1
2.649221 0
2.651935 1
2.654649 1
2.657364 1
2.660078 0
2.662792 2
2.665507 0
2.668221 0
2.670936 2
2.673650 0
2.676364 0
2.679079 0
2.681793 0
2.684507 0
2.687222 0
2.689936 0
2.692651 0
2.695365 1
2.698079 1
2.700794 1
2.703508 0
2.706222 1
2.708937 0
2.711651 2
2.714365 0
2.717080 0
2.719794 0
2.722509 3
2.725223 2
2.727937 0
2.730652 2
2.733366 0
2.736080 0
2.738795 0
2.741509 1
2.744224 0
2.746938 0
2.749652 0
2.752367 0
2.755081 2
2.757795 0
2.760510 0
2.763224 0
2.765939 0
2.768653 1
2.771367 1
2.774081 1
2.776796 0
2.779510 0
2.782225 0
2.784939 0
2.787653 0
2.790368 1
2.793082 0
2.795796 1
2.798511 1
2.801225 0
2.803940 1
2.806654 0
2.809368 0
2.812083 0
2.814797 0
2.817511 1
2.820226 1
2.822940 0
2.825655 1
2.828369 1
2.831083 0
2.833797 0
2.836512 0
2.839226 3
2.841941 0
2.844655 0
2.847369 1
2.850084 1
2.852798 0
2.855512 0
2.858227 0
2.860941 0
2.863656 1
2.866370 0
2.869084 0
2.871799 2
2.874513 0
2.877227 2
2.879942 0
2.882656 0
2.885370 1
2.888085 0
2.890799 0
2.893514 0
2.896228 0
2.898942 1
2.901657 0
2.904371 0
2.907085 1
2.909800 0
2.912514 0
2.915229 0
2.917943 1
2.920657 0
2.923372 1
2.926086 0
2.928800 1
2.931515 0
2.934229 0
2.936944 0
2.939658 0
2.942372 0
2.945086 0
2.947801 0
2.950515 1
2.953230 0
2.955944 0
2.958658 0
2.961373 0
2.964087 1
2.966801 0
2.969516 0
2.972230 0
2.974945 0
2.977659 0
2.980373 1
2.983088 0
2.985802 0
2.988516 0
2.991231 1
2.993945 0
2.996660 0
2.999374 1
3.002088 0
3.004803 0
3.007517 0
3.010231 0
3.012946 0
3.015660 0
3.018374 1
3.021089 1
3.023803 0
3.026518 0
3.029232 0
3.031946 1
3.034661 0
3.037375 1
3.040089 0
3.042804 0
3.045518 1
3.048233 1
3.050947 0
3.053661 0
3.056376 0
3.059090 0
3.061804 0
3.064519 0
3.067233 0
3.069947 0
3.072662 0
3.075376 1
3.078090 0
3.080805 0
3.083519 0
3.086234 0
3.088948 0
3.091662 1
3.094377 1
3.097091 0
3.099805 0
3.102520 0
3.105234 0
3.107949 0
3.110663 0
3.113377 0
3.116091 0
3.118806 0
3.121520 0
3.124235 0
3.126949 0
3.129663 0
3.132378 0
3.135092 0
3.137806 0
3.140521 0
3.143235 0
3.145950 0
3.148664 0
3.151378 1
3.154093 0
3.156807 0
3.159521 0
3.162236 0
3.164950 0
3.167665 0
3.170379 0
3.173093 0
3.175808 0
3.178522 0
3.181236 0
3.183951 0
3.186665 0
3.189379 0
3.192094 1
3.194808 1
3.197523 1
3.200237 1
3.202951 0
3.205666 1
3.208380 0
3.211094 0
3.213809 1
3.216523 3
3.219238 0
3.221952 0
3.224666 0
3.227381 2
3.230095 0
3.232809 0
3.235524 0
3.238238 0
3.240952 0
3.243667 0
3.246381 1
3.249095 0
3.251810 0
3.254524 2
3.257239 0
3.259953 1
3.262667 1
3.265382 0
3.268096 0
3.270810 0
3.273525 0
3.276239 0
3.278954 0
3.281668 0
3.284382 0
3.287097 1
3.289811 0
3.292525 0
3.295240 1
3.297954 0
3.300668 0
3.303383 0
3.306097 0
3.308811 0
3.311526 0
3.314240 0
3.316955 0
3.319669 0
3.322383 1
3.325098 0
3.327812 0
3.330526 0
3.333241 0
3.335955 0
3.338670 1
3.341384 0
3.344098 0
3.346813 0
3.349527 0
3.352241 0
3.354956 2
3.357670 0
3.360384 0
3.363099 0
3.365813 0
3.368528 0
3.371242 0
3.373956 0
3.376671 0
3.379385 0
3.382099 1
3.384814 0
3.387528 1
3.390243 0
3.392957 0
3.395671 0
3.398386 0
3.401100 1
3.403814 0
3.406529 0
3.409243 0
3.411958 0
3.414672 0
3.417386 1
3.420100 0
3.422815 0
3.425529 1
3.428244 0
3.430958 1
3.433672 1
3.436387 0
3.439101 2
3.441815 0
3.444530 0
3.447244 0
3.449959 0
3.452673 0
3.455387 0
3.458102 0
3.460816 1
3.463530 0
3.466245 0
3.468959 0
3.471673 0
3.474388 0
3.477102 0
3.479816 0
3.482531 1
3.485245 0
3.487960 0
3.490674 0
3.493388 0
3.496103 0
3.498817 2
3.501531 0
3.504246 0
3.506960 0
3.509675 0
3.512389 0
3.515103 0
3.517818 0
3.520532 1
3.523246 0
3.525961 0
3.528675 1
3.531389 0
3.534104 0
3.536818 0
3.539533 0
3.542247 0
3.544961 1
3.547676 0
3.550390 1
3.553104 1
3.555819 2
3.558533 0
3.561248 0
3.563962 0
3.566676 0
3.569391 0
3.572105 0
3.574819 1
3.577534 0
3.580248 0
3.582963 0
3.585677 0
3.588391 0
3.591105 0
3.593820 0
3.596534 0
3.599249 0
3.601963 0
3.604677 0
3.607392 1
3.610106 1
3.612820 0
3.615535 0
3.618249 0
3.620964 1
3.623678 0
3.626392 0
3.629107 0
3.631821 0
3.634535 0
3.637250 0
3.639964 0
3.642678 1
3.645393 0
3.648107 0
3.650822 0
3.653536 0
3.656250 0
3.658965 1
3.661679 0
3.664393 0
3.667108 0
3.669822 0
3.672537 0
3.675251 0
3.677965 1
3.680680 0
3.683394 0
3.686108 0
3.688823 1
3.691537 0
3.694252 0
3.696966 0
3.699680 0
3.702394 0
3.705109 0
3.707823 0
3.710538 0
3.713252 0
3.715966 0
3.718681 1
3.721395 0
3.724109 0
3.726824 0
3.729538 0
3.732253 0
3.734967 0
3.737681 0
3.740396 0
3.743110 0
3.745824 0
3.748539 0
3.751253 0
3.753968 1
3.756682 0
3.759396 0
3.762110 0
3.764825 2
3.767539 0
3.770254 0
3.772968 0
3.775682 0
3.778397 0
3.781111 0
3.783825 0
3.786540 0
3.789254 0
3.791969 0
3.794683 0
3.797397 0
3.800112 0
3.802826 0
3.805540 0
3.808255 0
3.810969 0
3.813684 0
3.816398 0
3.819112 0
3.821827 0
3.824541 0
3.827255 0
3.829970 0
3.832684 1
3.835398 0
3.838113 0
3.840827 0
3.843542 0
3.846256 0
3.848970 1
3.851685 0
3.854399 0
3.857113 0
3.859828 0
3.862542 0
3.865257 0
3.867971 0
3.870685 0
3.873399 0
3.876114 0
3.878828 0
3.881543 0
3.884257 0
3.886971 1
3.889686 0
3.892400 0
3.895114 0
3.897829 0
3.900543 0
3.903258 0
3.905972 0
3.908686 0
3.911401 0
3.914115 0
3.916829 0
3.919544 0
3.922258 0
3.924973 0
3.927687 1
3.930401 0
3.933115 0
3.935830 0
3.938544 0
3.941259 0
3.943973 0
3.946687 0
3.949402 1
3.952116 0
3.954830 0
3.957545 0
3.960259 0
3.962974 0
3.965688 0
3.968402 0
3.971117 0
3.973831 0
3.976545 0
3.979260 0
3.981974 0
3.984689 0
3.987403 0
3.990117 0
3.992832 0
3.995546 0
3.998260 0
4.000975 0
4.003689 0
4.006403 0
4.009118 0
4.011832 0
4.014546 1
4.017261 0
4.019975 0
4.022690 0
4.025404 0
4.028119 0
4.030833 0
4.033547 0
4.036262 0
4.038976 0
4.041690 0
4.044405 0
4.047119 1
4.049833 0
4.052547 0
4.055262 0
4.057976 0
4.060691 0
4.063405 0
4.066120 0
4.068834 1
4.071548 0
4.074263 0
4.076977 0
4.079691 0
4.082406 1
4.085120 0
4.087834 0
4.090549 0
4.093263 0
4.095977 0
4.098692 0
4.101406 0
4.104121 0
4.106835 0
4.109550 0
4.112264 0
4.114978 0
4.117692 1
4.120407 0
4.123121 0
4.125835 0
4.128550 0
4.131264 0
4.133979 0
4.136693 0
4.139407 0
4.142122 1
4.144836 0
4.147551 0
4.150265 0
4.152979 0
4.155694 0
4.158408 0
4.161122 0
4.163836 1
4.166551 0
4.169265 0
4.171980 0
4.174694 0
4.177409 0
4.180123 0
4.182837 0
4.185552 0
4.188266 0
4.190980 0
4.193695 0
4.196409 0
4.199123 0
4.201838 0
4.204552 0
4.207266 0
4.209981 0
4.212695 0
4.215410 0
4.218124 1
4.220839 1
4.223553 0
4.226267 0
4.228981 0
4.231696 0
4.234410 0
4.237124 0
4.239839 0
4.242553 0
4.245267 0
4.247982 0
4.250696 0
4.253411 0
4.256125 0
4.258840 0
4.261554 0
4.264268 0
4.266983 0
4.269697 0
4.272411 0
4.275126 0
4.277840 0
4.280554 0
4.283269 0
4.285983 0
4.288697 0
4.291412 0
4.294126 0
4.296841 0
4.299555 0
4.302269 0
4.304984 0
4.307698 0
4.310412 0
4.313127 0
4.315841 0
4.318555 0
4.321270 0
4.323984 0
4.326699 0
4.329413 0
4.332127 0
4.334842 0
4.337556 0
4.340271 0
4.342985 0
4.345699 0
4.348413 0
4.351128 0
4.353842 0
4.356556 0
4.359271 0
4.361985 0
4.364700 0
4.367414 0
4.370129 0
4.372843 0
4.375557 0
4.378272 0
4.380986 0
4.383700 0
4.386415 0
4.389129 0
4.391843 0
4.394558 0
4.397272 0
4.399986 0
4.402701 0
4.405415 0
4.408130 0
4.410844 0
4.413558 0
4.416273 0
4.418987 0
4.421701 0
4.424416 0
4.427130 0
4.429844 0
4.432559 0
4.435273 0
4.437988 0
4.440702 0
4.443416 0
4.446131 0
4.448845 0
4.451560 0
4.454274 0
4.456988 0
4.459702 0
4.462417 0
4.465131 0
4.467845 0
4.470560 0
4.473274 0
4.475989 0
4.478703 0
4.481418 0
4.484132 0
4.486846 0
4.489561 0
4.492275 0
4.494989 0
4.497704 0
4.500418 0
4.503132 0
4.505847 0
4.508561 0
4.511275 0
4.513990 0
4.516704 0
4.519419 0
4.522133 0
4.524847 0
4.527562 0
4.530276 0
4.532990 0
4.535705 0
4.538419 0
4.541133 0
4.543848 0
4.546562 0
4.549276 0
4.551991 0
4.554705 0
4.557420 0
4.560134 0
4.562849 0
4.565563 0
4.568277 0
4.570992 0
4.573706 0
4.576420 0
4.579134 0
4.581849 0
4.584563 0
4.587278 0
4.589992 0
4.592706 0
4.595421 0
4.598135 0
4.600850 0
4.603564 0
4.606278 0
4.608993 0
4.611707 0
4.614421 0
4.617136 0
4.619850 0
4.622564 0
4.625279 0
4.627993 0
4.630708 0
4.633422 0
4.636136 1
4.638851 0
4.641565 0
4.644279 0
4.646994 1
4.649708 0
4.652422 0
4.655137 0
4.657851 0
4.660565 0
4.663280 0
4.665994 0
4.668709 0
4.671423 0
4.674138 0
4.676852 0
4.679566 0
4.682281 0
4.684995 0
4.687709 0
4.690423 0
4.693138 0
4.695852 0
4.698566 0
4.701281 1
4.703995 0
4.706710 0
4.709424 0
4.712139 0
4.714853 0
4.717567 0
4.720282 0
4.722996 0
4.725710 0
4.728425 0
4.731139 0
4.733853 0
4.736568 0
4.739282 0
4.741996 0
4.744711 0
4.747425 0
4.750140 0
4.752854 0
4.755569 0
4.758283 0
4.760997 0
4.763711 0
4.766426 0
4.769140 0
4.771854 0
4.774569 0
4.777283 0
4.779998 0
4.782712 0
4.785426 1
4.788141 0
4.790855 0
4.793570 0
4.796284 0
4.798998 0
4.801713 0
4.804427 0
4.807141 0
4.809855 0
4.812570 0
4.815284 0
4.817999 0
4.820713 0
4.823428 0
4.826142 0
4.828856 0
4.831571 0
4.834285 0
4.836999 0
4.839714 0
4.842428 0
4.845142 0
4.847857 0
4.850571 0
4.853285 0
4.856000 0
4.858714 0
4.861429 0
4.864143 0
4.866858 1
4.869572 0
4.872286 0
4.875000 0
4.877715 0
4.880429 0
4.883143 0
4.885858 0
4.888572 0
4.891286 0
4.894001 0
4.896715 0
4.899430 0
4.902144 0
4.904859 0
4.907573 0
4.910287 0
4.913002 0
4.915716 0
4.918430 0
4.921144 0
4.923859 0
4.926573 0
4.929288 0
4.932002 0
4.934716 0
4.937431 0
4.940145 0
4.942860 0
4.945574 0
4.948288 0
4.951003 0
4.953717 0
4.956431 0
4.959146 0
4.961860 0
4.964574 0
4.967289 0
4.970003 0
4.972718 0
4.975432 0
4.978146 0
4.980861 0
4.983575 0
4.986290 0
4.989004 0
4.991718 0
4.994432 0
4.997147 0
4.999861 0
5.002575 0
5.005290 0
5.008004 0
5.010719 0
5.013433 0
5.016148 0
5.018862 0
5.021576 0
5.024291 0
5.027005 0
5.029719 0
5.032434 0
5.035148 0
5.037862 0
5.040577 0
5.043291 0
5.046005 0
5.048720 0
5.051434 0
5.054149 0
5.056863 0
5.059577 0
5.062292 0
5.065006 0
5.067720 0
5.070435 0
5.073149 0
5.075863 0
5.078578 0
5.081292 0
5.084007 0
5.086721 0
5.089435 0
5.092150 0
5.094864 0
5.097579 0
5.100293 0
5.103007 0
5.105721 0
5.108436 0
5.111150 0
5.113864 0
5.116579 0
5.119293 0
5.122008 0
5.124722 0
5.127437 0
5.130151 0
5.132865 0
5.135580 0
5.138294 0
5.141008 0
5.143723 0
5.146437 0
5.149151 0
5.151865 0
5.154580 0
5.157294 0
5.160009 0
5.162723 0
5.165438 0
5.168152 0
5.170866 0
5.173581 0
5.176295 0
5.179009 0
5.181724 0
5.184438 0
5.187152 0
5.189867 0
5.192581 0
5.195295 0
5.198010 0
5.200724 0
5.203439 0
5.206153 0
5.208868 0
5.211582 0
5.214296 0
5.217010 0
5.219725 0
5.222439 0
5.225153 0
5.227868 0
5.230582 0
5.233297 0
5.236011 0
5.238725 0
5.241440 0
5.244154 0
5.246869 0
5.249583 0
5.252297 0
5.255012 0
5.257726 0
5.260440 0
5.263155 0
5.265869 0
5.268583 0
5.271298 0
5.274012 0
5.276727 0
5.279441 0
5.282155 0
5.284870 0
5.287584 0
5.290298 0
5.293013 0
5.295727 0
5.298441 0
5.301156 0
5.303870 0
5.306584 0
5.309299 0
5.312013 0
5.314728 0
5.317442 0
5.320157 0
5.322871 0
5.325585 0
5.328300 0
5.331014 0
5.333728 0
5.336442 0
5.339157 1
5.341871 0
5.344585 0
5.347300 0
5.350014 0
5.352729 0
5.355443 0
5.358158 0
5.360872 0
5.363586 0
5.366301 0
5.369015 0
5.371729 0
5.374444 0
5.377158 0
5.379872 0
5.382587 0
5.385301 0
5.388015 0
5.390730 0
5.393444 0
5.396159 0
5.398873 0
5.401587 0
5.404302 0
5.407016 0
5.409730 0
5.412445 0
5.415159 0
5.417873 0
5.420588 0
5.423302 0
5.426017 0
5.428731 0
5.431445 0
5.434160 0
5.436874 0
5.439589 0
5.442303 0
5.445017 0
5.447731 0
5.450446 0
5.453160 0
5.455874 0
5.458589 0
5.461303 0
5.464018 0
5.466732 0
5.469447 0
5.472161 0
5.474875 0
5.477590 0
5.480304 0
5.483018 0
5.485733 0
5.488447 0
5.491161 0
5.493876 0
5.496590 0
5.499304 0
5.502019 0
5.504733 0
5.507448 0
5.510162 0
5.512877 0
5.515591 0
5.518305 0
5.521019 0
5.523734 0
5.526448 0
5.529162 0
5.531877 0
5.534591 0
5.537306 0
5.540020 0
5.542734 0
5.545449 0
5.548163 0
5.550878 0
5.553592 0
5.556306 1
