0.000000 30199
0.003776 135
0.007553 153
0.011329 154
0.015106 121
0.018882 145
0.022658 136
0.026435 153
0.030211 162
0.033988 153
0.037764 150
0.041540 139
0.045317 145
0.049093 150
0.052869 142
0.056646 147
0.060422 149
0.064199 137
0.067975 140
0.071751 131
0.075528 124
0.079304 152
0.083081 158
0.086857 142
0.090633 123
0.094410 140
0.098186 145
0.101963 127
0.105739 144
0.109515 141
0.113292 133
0.117068 142
0.120845 142
0.124621 156
0.128397 128
0.132174 129
0.135950 121
0.139726 139
0.143503 145
0.147279 139
0.151056 125
0.154832 146
0.158608 144
0.162385 157
0.166161 113
0.169938 137
0.173714 141
0.177490 120
0.181267 134
0.185043 142
0.188820 137
0.192596 143
0.196372 147
0.200149 152
0.203925 155
0.207702 127
0.211478 120
0.215254 139
0.219031 126
0.222807 119
0.226584 138
0.230360 134
0.234136 123
0.237913 127
0.241689 146
0.245465 142
0.249242 140
0.253018 143
0.256795 127
0.260571 159
0.264347 126
0.268124 113
0.271900 133
0.275677 132
0.279453 126
0.283229 127
0.287006 124
0.290782 138
0.294559 148
0.298335 138
0.302111 158
0.305888 153
0.309664 151
0.313441 121
0.317217 117
0.320993 136
0.324770 121
0.328546 135
0.332322 139
0.336099 143
0.339875 142
0.343652 147
0.347428 122
0.351204 127
0.354981 140
0.358757 142
0.362534 138
0.366310 135
0.370086 121
0.373863 113
0.377639 136
0.381416 141
0.385192 119
0.388968 134
0.392745 128
0.396521 110
0.400298 141
0.404074 126
0.407850 146
0.411627 124
0.415403 128
0.419179 163
0.422956 136
0.426732 128
0.430509 144
0.434285 142
0.438061 111
0.441838 130
0.445614 130
0.449391 120
0.453167 134
0.456943 160
0.460720 140
0.464496 118
0.468273 140
0.472049 141
0.475825 112
0.479602 130
0.483378 145
0.487155 132
0.490931 135
0.494707 128
0.498484 143
0.502260 119
0.506037 161
0.509813 140
0.513589 114
0.517366 121
0.521142 134
0.524918 136
0.528695 132
0.532471 138
0.536248 143
0.540024 132
0.543800 133
0.547577 121
0.551353 126
0.555130 132
0.558906 123
0.562682 127
0.566459 147
0.570235 114
0.574012 128
0.577788 129
0.581564 113
0.585341 139
0.589117 100
0.592893 119
0.596670 115
0.600446 96
0.604223 129
0.607999 109
0.611775 95
0.615552 109
0.619328 111
0.623105 108
0.626881 107
0.630657 108
0.634434 88
0.638210 110
0.641987 115
0.645763 97
0.649539 112
0.653316 102
0.657092 94
0.660869 99
0.664645 92
0.668421 88
0.672198 98
0.675974 75
0.679751 83
0.683527 104
0.687303 94
0.691080 82
0.694856 82
0.698632 81
0.702409 66
0.706185 81
0.709962 81
0.713738 69
0.717514 75
0.721291 60
0.725067 86
0.728844 83
0.732620 73
0.736396 89
0.740173 83
0.743949 79
0.747726 85
0.751502 75
0.755278 68
0.759055 94
0.762831 69
0.766608 73
0.770384 80
0.774160 69
0.777937 61
0.781713 68
0.785489 59
0.789266 57
0.793042 79
0.796819 79
0.800595 78
0.804371 66
0.808148 70
0.811924 77
0.815701 75
0.819477 79
0.823253 59
0.827030 57
0.830806 68
0.834583 53
0.838359 63
0.842135 64
0.845912 62
0.849688 59
0.853465 67
0.857241 57
0.861017 51
0.864794 64
0.868570 61
0.872347 52
0.876123 56
0.879899 64
0.883676 61
0.887452 43
0.891228 54
0.895005 60
0.898781 66
0.902558 57
0.906334 49
0.910110 63
0.913887 55
0.917663 60
0.921440 51
0.925216 50
0.928992 45
0.932769 53
0.936545 45
0.940322 41
0.944098 46
0.947874 54
0.951651 55
0.955427 38
0.959203 42
0.962980 44
0.966756 45
0.970533 39
0.974309 50
0.978085 47
0.981862 56
0.985638 38
0.989415 49
0.993191 42
0.996967 45
1.000744 37
1.004520 46
1.008297 37
1.012073 48
1.015849 51
1.019626 54
1.023402 41
1.027179 36
1.030955 39
1.034731 42
1.038508 35
1.042284 33
1.046061 45
1.049837 26
1.053613 38
1.057390 41
1.061166 34
1.064942 43
1.068719 36
1.072495 37
1.076272 38
1.080048 27
1.083824 36
1.087601 42
1.091377 39
1.095154 34
1.098930 32
1.102706 32
1.106483 32
1.110259 39
1.114036 29
1.117812 31
1.121588 28
1.125365 35
1.129141 26
1.132918 30
1.136694 40
1.140470 35
1.144247 21
1.148023 25
1.151799 29
1.155576 24
1.159352 24
1.163129 23
1.166905 33
1.170681 24
1.174458 35
1.178234 32
1.182011 22
1.185787 25
1.189563 23
1.193340 29
1.197116 24
1.200893 31
1.204669 25
1.208445 30
1.212222 24
1.215998 24
1.219774 21
1.223551 21
1.227327 37
1.231104 29
1.234880 23
1.238657 23
1.242433 21
1.246209 23
1.249986 19
1.253762 22
1.257538 29
1.261315 32
1.265091 18
1.268868 27
1.272644 31
1.276420 25
1.280197 21
1.283973 20
1.287750 24
1.291526 27
1.295302 11
1.299079 16
1.302855 18
1.306632 27
1.310408 23
1.314184 24
1.317961 25
1.321737 12
1.325513 22
1.329290 23
1.333066 18
1.336843 17
1.340619 17
1.344395 11
1.348172 18
1.351948 24
1.355725 14
1.359501 19
1.363277 20
1.367054 21
1.370830 27
1.374607 19
1.378383 17
1.382159 18
1.385936 18
1.389712 21
1.393489 20
1.397265 16
1.401041 17
1.404818 17
1.408594 16
1.412371 15
1.416147 25
1.419923 19
1.423700 16
1.427476 15
1.431252 20
1.435029 20
1.438805 22
1.442582 15
1.446358 11
1.450134 23
1.453911 16
1.457687 22
1.461464 23
1.465240 20
1.469016 16
1.472793 18
1.476569 19
1.480346 9
1.484122 19
1.487898 18
1.491675 17
1.495451 21
1.499228 13
1.503004 15
1.506780 12
1.510557 30
1.514333 15
1.518109 19
1.521886 21
1.525662 17
1.529439 18
1.533215 15
1.536991 20
1.540768 19
1.544544 21
1.548321 20
1.552097 22
1.555873 18
1.559650 17
1.563426 14
1.567203 13
1.570979 21
1.574755 14
1.578532 11
1.582308 17
1.586084 14
1.589861 8
1.593637 12
1.597414 15
1.601190 19
1.604967 15
1.608743 14
1.612519 7
1.616296 11
1.620072 16
1.623848 8
1.627625 14
1.631401 12
1.635178 15
1.638954 19
1.642730 18
1.646507 19
1.650283 8
1.654060 9
1.657836 11
1.661612 14
1.665389 7
1.669165 11
1.672942 14
1.676718 12
1.680494 14
1.684271 13
1.688047 17
1.691823 16
1.695600 13
1.699376 10
1.703153 18
1.706929 15
1.710705 14
1.714482 16
1.718258 22
1.722035 11
1.725811 8
1.729587 10
1.733364 11
1.737140 13
1.740917 13
1.744693 9
1.748469 7
1.752246 9
1.756022 11
1.759799 17
1.763575 11
1.767351 12
1.771128 13
1.774904 9
1.778681 11
1.782457 9
1.786233 12
1.790010 10
1.793786 12
1.797562 9
1.801339 11
1.805115 13
1.808892 15
1.812668 14
1.816444 8
1.820221 9
1.823997 12
1.827774 5
1.831550 8
1.835326 9
1.839103 9
1.842879 11
1.846656 11
1.850432 11
1.854208 7
1.857985 8
1.861761 9
1.865538 15
1.869314 5
1.873090 12
1.876867 7
1.880643 9
1.884419 16
1.888196 7
1.891972 5
1.895749 10
1.899525 9
1.903301 12
1.907078 12
1.910854 8
1.914631 7
1.918407 6
1.922183 9
1.925960 13
1.929736 8
1.933513 4
1.937289 12
1.941065 6
1.944842 9
1.948618 13
1.952394 6
1.956171 10
1.959947 10
1.963724 8
1.967500 9
1.971277 8
1.975053 9
1.978829 9
1.982606 3
1.986382 4
1.990158 10
1.993935 7
1.997711 7
2.001488 7
2.005264 8
2.009040 7
2.012817 8
2.016593 6
2.020370 10
2.024146 7
2.027922 8
2.031699 6
2.035475 12
2.039252 11
2.043028 14
2.046804 6
2.050581 10
2.054357 12
2.058134 8
2.061910 6
2.065686 8
2.069463 10
2.073239 12
2.077015 6
2.080792 8
2.084568 3
2.088345 4
2.092121 7
2.095897 6
2.099674 8
2.103450 7
2.107227 7
2.111003 4
2.114779 6
2.118556 3
2.122332 9
2.126109 3
2.129885 7
2.133661 1
2.137438 8
2.141214 7
2.144990 3
2.148767 3
2.152543 3
2.156320 10
2.160096 7
2.163872 6
2.167649 6
2.171425 8
2.175202 5
2.178978 6
2.182755 4
2.186531 7
2.190307 6
2.194084 10
2.197860 10
2.201636 10
2.205413 9
2.209189 8
2.212965 5
2.216742 8
2.220518 7
2.224295 6
2.228071 2
2.231848 5
2.235624 5
2.239400 2
2.243177 4
2.246953 5
2.250730 6
2.254506 6
2.258282 4
2.262059 4
2.265835 8
2.269611 5
2.273388 4
2.277164 0
2.280941 6
2.284717 5
2.288493 4
2.292270 4
2.296046 4
2.299823 2
2.303599 2
2.307375 5
2.311152 2
2.314928 5
2.318705 4
2.322481 9
2.326257 6
2.330034 4
2.333810 6
2.337586 8
2.341363 9
2.345139 3
2.348916 5
2.352692 1
2.356468 5
2.360245 3
2.364021 4
2.367798 7
2.371574 5
2.375350 3
2.379127 7
2.382903 7
2.386680 3
2.390456 4
2.394232 1
2.398009 3
2.401785 3
2.405561 4
2.409338 1
2.413114 1
2.416891 9
2.420667 2
2.424443 6
2.428220 6
2.431996 4
2.435773 7
2.439549 2
2.443326 6
2.447102 4
2.450878 9
2.454655 1
2.458431 2
2.462207 5
2.465984 7
2.469760 5
2.473536 3
2.477313 3
2.481089 2
2.484866 4
2.488642 5
2.492419 6
2.496195 0
2.499971 3
2.503748 5
2.507524 3
2.511301 2
2.515077 6
2.518853 2
2.522630 6
2.526406 3
2.530182 5
2.533959 4
2.537735 1
2.541512 4
2.545288 0
2.549064 3
2.552841 4
2.556617 3
2.560394 3
2.564170 2
2.567946 4
2.571723 2
2.575499 5
2.579276 2
2.583052 5
2.586828 5
2.590605 3
2.594381 3
2.598157 2
2.601934 2
2.605710 2
2.609487 0
2.613263 5
2.617039 3
2.620816 2
2.624592 3
2.628369 4
2.632145 2
2.635921 7
2.639698 3
2.643474 2
2.647251 4
2.651027 4
2.654803 2
2.658580 5
2.662356 6
2.666132 3
2.669909 2
2.673685 5
2.677462 3
2.681238 2
2.685014 1
2.688791 1
2.692567 2
2.696344 6
2.700120 3
2.703897 3
2.707673 2
2.711449 0
2.715226 2
2.719002 5
2.722779 3
2.726555 2
2.730331 3
2.734108 1
2.737884 2
2.741660 5
2.745437 1
2.749213 3
2.752990 5
2.756766 3
2.760542 3
2.764319 1
2.768095 2
2.771872 0
2.775648 2
2.779424 2
2.783201 1
2.786977 3
2.790754 2
2.794530 2
2.798306 1
2.802083 2
2.805859 2
2.809635 3
2.813412 4
2.817188 2
2.820965 2
2.824741 1
2.828517 4
2.832294 3
2.836070 1
2.839847 1
2.843623 2
2.847399 1
2.851176 0
2.854952 2
2.858729 5
2.862505 2
2.866281 2
2.870058 1
2.873834 1
2.877610 0
2.881387 4
2.885163 2
2.888940 1
2.892716 2
2.896492 1
2.900269 1
2.904045 1
2.907822 1
2.911598 1
2.915375 4
2.919151 4
2.922927 1
2.926704 2
2.930480 3
2.934256 4
2.938033 1
2.941809 1
2.945585 3
2.949362 1
2.953138 0
2.956915 3
2.960691 0
2.964468 2
2.968244 1
2.972020 1
2.975797 0
2.979573 2
2.983350 1
2.987126 1
2.990902 2
2.994679 2
2.998455 0
3.002231 2
3.006008 3
3.009784 3
3.013561 3
3.017337 1
3.021113 2
3.024890 1
3.028666 4
3.032443 2
3.036219 1
3.039995 0
3.043772 1
3.047548 3
3.051325 0
3.055101 0
3.058877 2
3.062654 2
3.066430 1
3.070206 1
3.073983 4
3.077759 0
3.081536 1
3.085312 2
3.089088 1
3.092865 3
3.096641 0
3.100418 2
3.104194 0
3.107970 2
3.111747 1
3.115523 1
3.119300 1
3.123076 1
3.126852 1
3.130629 0
3.134405 1
3.138181 3
3.141958 2
3.145734 0
3.149511 1
3.153287 0
3.157063 1
3.160840 0
3.164616 4
3.168393 3
3.172169 3
3.175946 3
3.179722 1
3.183498 1
3.187275 1
3.191051 3
3.194827 2
3.198604 0
3.202380 1
3.206156 1
3.209933 1
3.213709 3
3.217486 1
3.221262 1
3.225039 3
3.228815 0
3.232591 1
3.236368 0
3.240144 1
3.243921 0
3.247697 0
3.251473 2
3.255250 0
3.259026 4
3.262802 2
3.266579 1
3.270355 4
3.274132 2
3.277908 0
3.281684 2
3.285461 3
3.289237 0
3.293014 0
3.296790 0
3.300566 3
3.304343 1
3.308119 2
3.311896 1
3.315672 1
3.319448 2
3.323225 1
3.327001 0
3.330777 0
3.334554 0
3.338330 0
3.342107 2
3.345883 1
3.349659 0
3.353436 1
3.357212 1
3.360989 0
3.364765 2
3.368541 3
3.372318 2
3.376094 0
3.379871 0
3.383647 1
3.387423 1
3.391200 1
3.394976 2
3.398752 0
3.402529 1
3.406305 1
3.410082 0
3.413858 1
3.417634 0
3.421411 0
3.425187 1
3.428964 1
3.432740 2
3.436517 2
3.440293 0
3.444069 1
3.447846 0
3.451622 0
3.455398 1
3.459175 3
3.462951 3
3.466727 1
3.470504 0
3.474280 1
3.478057 1
3.481833 0
3.485610 2
3.489386 1
3.493162 1
3.496939 0
3.500715 2
3.504492 1
3.508268 0
3.512044 0
3.515821 1
3.519597 2
3.523374 1
3.527150 3
3.530926 2
3.534703 0
3.538479 0
3.542255 0
3.546032 0
3.549808 0
3.553585 2
3.557361 1
3.561137 1
3.564914 1
3.568690 2
3.572467 2
3.576243 4
3.580019 1
3.583796 0
3.587572 2
3.591349 1
3.595125 4
3.598901 0
3.602678 2
3.606454 0
3.610230 0
3.614007 1
3.617783 0
3.621560 1
3.625336 0
3.629112 2
3.632889 3
3.636665 0
3.640442 2
3.644218 1
3.647995 1
3.651771 0
3.655547 0
3.659324 0
3.663100 0
3.666876 1
3.670653 0
3.674429 1
3.678205 3
3.681982 1
3.685758 0
3.689535 2
3.693311 0
3.697088 1
3.700864 0
3.704640 3
3.708417 1
3.712193 0
3.715970 0
3.719746 0
3.723522 1
3.727299 0
3.731075 3
3.734851 1
3.738628 1
3.742404 1
3.746181 1
3.749957 1
3.753733 2
3.757510 1
3.761286 0
3.765063 1
3.768839 0
3.772615 0
3.776392 1
3.780168 0
3.783945 0
3.787721 1
3.791497 0
3.795274 1
3.799050 0
3.802826 1
3.806603 0
3.810379 0
3.814156 1
3.817932 2
3.821708 0
3.825485 0
3.829261 2
3.833038 1
3.836814 1
3.840590 1
3.844367 0
3.848143 0
3.851920 0
3.855696 1
3.859472 0
3.863249 0
3.867025 0
3.870801 0
3.874578 0
3.878354 1
3.882131 0
3.885907 1
3.889683 1
3.893460 2
3.897236 0
3.901013 2
3.904789 2
3.908566 0
3.912342 0
3.916118 0
3.919895 1
3.923671 0
3.927447 0
3.931224 0
3.935000 1
3.938776 0
3.942553 1
3.946329 0
3.950106 0
3.953882 0
3.957659 1
3.961435 0
3.965211 0
3.968988 0
3.972764 0
3.976541 1
3.980317 0
3.984093 1
3.987870 1
3.991646 1
3.995422 0
3.999199 0
4.002975 0
4.006752 0
4.010528 0
4.014305 0
4.018081 0
4.021857 0
4.025634 0
4.029410 2
4.033186 0
4.036963 0
4.040739 1
4.044516 0
4.048292 0
4.052068 0
4.055845 0
4.059621 0
4.063397 1
4.067174 0
4.070951 0
4.074727 0
4.078503 1
4.082280 0
4.086056 0
4.089832 0
4.093609 1
4.097385 0
4.101161 0
4.104938 0
4.108714 0
4.112491 1
4.116267 0
4.120043 1
4.123820 0
4.127596 0
4.131372 1
4.135149 0
4.138926 1
4.142702 0
4.146478 0
4.150255 1
4.154031 2
4.157807 0
4.161584 0
4.165360 1
4.169137 0
4.172913 1
4.176689 1
4.180466 0
4.184242 0
4.188018 1
4.191795 0
4.195571 0
4.199347 2
4.203124 0
4.206901 0
4.210677 0
4.214453 0
4.218230 0
4.222006 0
4.225782 0
4.229559 0
4.233335 0
4.237112 0
4.240888 0
4.244664 0
4.248441 1
4.252217 0
4.255993 0
4.259770 0
4.263546 0
4.267323 2
4.271099 0
4.274876 0
4.278652 2
4.282428 0
4.286205 0
4.289981 0
4.293757 0
4.297534 2
4.301310 0
4.305087 0
4.308863 0
4.312639 0
4.316416 0
4.320192 1
4.323968 0
4.327745 0
4.331522 0
4.335298 0
4.339074 0
4.342851 0
4.346627 0
4.350403 0
4.354180 1
4.357956 0
4.361732 1
4.365509 0
4.369285 0
4.373062 0
4.376838 0
4.380614 0
4.384391 1
4.388167 1
4.391943 1
4.395720 0
4.399497 0
4.403273 0
4.407049 0
4.410826 1
4.414602 0
4.418378 0
4.422155 0
4.425931 0
4.429708 0
4.433484 0
4.437260 0
4.441037 0
4.444813 0
4.448589 0
4.452366 0
4.456142 0
4.459918 1
4.463695 0
4.467472 0
4.471248 0
4.475024 0
4.478801 0
4.482577 0
4.486353 1
4.490130 1
4.493906 0
4.497683 0
4.501459 0
4.505235 1
4.509012 1
4.512788 0
4.516564 0
4.520341 0
4.524117 0
4.527894 0
4.531670 0
4.535447 1
4.539223 0
4.542999 0
4.546776 0
4.550552 0
4.554328 0
4.558105 0
4.561881 0
4.565658 0
4.569434 1
4.573210 0
4.576987 0
4.580763 0
4.584539 0
4.588316 0
4.592093 0
4.595869 0
4.599645 0
4.603422 0
4.607198 0
4.610974 0
4.614751 0
4.618527 0
4.622303 0
4.626080 0
4.629856 0
4.633633 0
4.637409 1
4.641185 0
4.644962 0
4.648738 0
4.652514 0
4.656291 0
4.660068 0
4.663844 0
4.667620 0
4.671397 0
4.675173 0
4.678949 1
4.682726 1
4.686502 1
4.690279 0
4.694055 1
4.697831 0
4.701608 0
4.705384 0
4.709160 0
4.712937 0
4.716713 0
4.720490 0
4.724266 0
4.728043 0
4.731819 0
4.735595 0
4.739372 0
4.743148 0
4.746924 0
4.750701 0
4.754477 0
4.758254 0
4.762030 0
4.765806 0
4.769583 0
4.773359 0
4.777135 0
4.780912 0
4.784688 1
4.788465 0
4.792241 0
4.796018 1
4.799794 0
4.803570 0
4.807347 0
4.811123 0
4.814899 0
4.818676 0
4.822452 1
4.826229 0
4.830005 1
4.833781 0
4.837558 0
4.841334 0
4.845110 0
4.848887 0
4.852664 0
4.856440 0
4.860216 0
4.863993 0
4.867769 0
4.871545 0
4.875322 0
4.879098 0
4.882874 0
4.886651 0
4.890427 0
4.894204 0
4.897980 0
4.901756 1
4.905533 0
4.909309 0
4.913085 0
4.916862 0
4.920639 0
4.924415 0
4.928191 0
4.931968 1
4.935744 0
4.939520 0
4.943297 0
4.947073 0
4.950850 0
4.954626 0
4.958402 0
4.962179 0
4.965955 0
4.969731 0
4.973508 0
4.977284 0
4.981061 0
4.984837 0
4.988614 0
4.992390 0
4.996166 0
4.999943 0
5.003719 0
5.007495 0
5.011272 1
5.015048 0
5.018825 0
5.022601 0
5.026377 0
5.030154 0
5.033930 0
5.037706 1
5.041483 0
5.045259 0
5.049036 0
5.052812 0
5.056589 0
5.060365 0
5.064141 0
5.067918 0
5.071694 0
5.075470 0
5.079247 0
5.083023 0
5.086800 0
5.090576 0
5.094352 0
5.098129 0
5.101905 0
5.105681 0
5.109458 0
5.113235 0
5.117011 0
5.120787 0
5.124564 0
5.128340 0
5.132116 0
5.135893 0
5.139669 0
5.143445 0
5.147222 0
5.150998 0
5.154775 0
5.158551 0
5.162327 0
5.166104 0
5.169880 0
5.173656 0
5.177433 1
5.181210 0
5.184986 0
5.188762 0
5.192539 0
5.196315 0
5.200091 0
5.203868 0
5.207644 0
5.211421 0
5.215197 0
5.218973 0
5.222750 0
5.226526 0
5.230302 0
5.234079 0
5.237855 0
5.241632 0
5.245408 0
5.249185 0
5.252961 0
5.256737 0
5.260514 0
5.264290 0
5.268066 0
5.271843 0
5.275619 0
5.279396 0
5.283172 0
5.286948 0
5.290725 1
5.294501 0
5.298277 0
5.302054 0
5.305830 0
5.309607 0
5.313383 0
5.317160 0
5.320936 0
5.324712 0
5.328489 0
5.332265 0
5.336041 0
5.339818 0
5.343594 1
5.347371 0
5.351147 0
5.354923 0
5.358700 0
5.362476 0
5.366252 0
5.370029 0
5.373806 0
5.377582 0
5.381358 0
5.385135 0
5.388911 0
5.392687 0
5.396464 0
5.400240 0
5.404016 0
5.407793 0
5.411569 0
5.415346 0
5.419122 0
5.422899 0
5.426675 0
5.430451 0
5.434228 0
5.438004 0
5.441781 0
5.445557 0
5.449333 0
5.453110 0
5.456886 0
5.460662 0
5.464439 0
5.468215 0
5.471992 0
5.475768 0
5.479545 0
5.483321 0
5.487097 0
5.490874 0
5.494650 0
5.498426 0
5.502203 0
5.505979 0
5.509756 0
5.513532 0
5.517308 0
5.521085 0
5.524861 0
5.528637 0
5.532414 0
5.536191 0
5.539967 0
5.543743 0
5.547520 0
5.551296 0
5.555072 0
5.558849 0
5.562625 0
5.566401 0
5.570178 0
5.573954 0
5.577731 0
5.581507 0
5.585283 0
5.589060 0
5.592836 1
5.596612 0
5.600389 0
5.604166 0
5.607942 0
5.611718 0
5.615495 1
5.619271 0
5.623047 0
5.626824 0
5.630600 0
5.634377 0
5.638153 0
5.641929 0
5.645706 0
5.649482 0
5.653258 0
5.657035 0
5.660811 0
5.664587 0
5.668364 0
5.672141 0
5.675917 0
5.679693 0
5.683470 0
5.687246 0
5.691022 0
5.694799 0
5.698575 0
5.702352 0
5.706128 0
5.709904 0
5.713681 0
5.717457 0
5.721233 0
5.725010 0
5.728786 0
5.732563 0
5.736339 0
5.740116 0
5.743892 0
5.747668 0
5.751445 0
5.755221 0
5.758997 0
5.762774 0
5.766550 0
5.770327 0
5.774103 0
5.777879 0
5.781656 0
5.785432 0
5.789208 0
5.792985 0
5.796762 0
5.800538 0
5.804314 0
5.808091 0
5.811867 0
5.815643 0
5.819420 0
5.823196 0
5.826972 0
5.830749 0
5.834525 0
5.838302 0
5.842078 0
5.845854 0
5.849631 0
5.853407 0
5.857183 0
5.860960 0
5.864737 0
5.868513 0
5.872289 0
5.876066 0
5.879842 0
5.883618 0
5.887395 0
5.891171 0
5.894948 0
5.898724 0
5.902500 0
5.906277 0
5.910053 0
5.913829 0
5.917606 0
5.921382 0
5.925159 0
5.928935 0
5.932712 0
5.936488 0
5.940264 0
5.944041 0
5.947817 0
5.951593 0
5.955370 0
5.959146 0
5.962923 0
5.966699 0
5.970475 0
5.974252 0
5.978028 0
5.981804 0
5.985581 0
5.989357 0
5.993134 0
5.996910 0
6.000687 0
6.004463 0
6.008239 0
6.012016 0
6.015792 0
6.019568 0
6.023345 0
6.027121 0
6.030898 0
6.034674 1
6.038450 0
6.042227 0
6.046003 0
6.049779 0
6.053556 0
6.057333 0
6.061109 0
6.064885 0
6.068662 0
6.072438 0
6.076214 0
6.079991 0
6.083767 0
6.087543 0
6.091320 0
6.095096 0
6.098873 0
6.102649 0
6.106425 0
6.110202 0
6.113978 0
6.117754 0
6.121531 1
6.125308 0
6.129084 0
6.132860 0
6.136637 0
6.140413 0
6.144189 0
6.147966 0
6.151742 1
6.155519 0
6.159295 0
6.163071 0
6.166848 0
6.170624 0
6.174400 0
6.178177 0
6.181953 0
6.185730 0
6.189506 0
6.193283 0
6.197059 0
6.200835 0
6.204612 0
6.208388 0
6.212164 0
6.215941 0
6.219717 0
6.223494 0
6.227270 0
6.231046 0
6.234823 0
6.238599 0
6.242375 0
6.246152 0
6.249928 0
6.253705 0
6.257481 0
6.261258 0
6.265034 0
6.268810 0
6.272587 0
6.276363 0
6.280139 0
6.283916 0
6.287692 0
6.291469 0
6.295245 0
6.299021 0
6.302798 0
6.306574 0
6.310350 0
6.314127 0
6.317904 0
6.321680 0
6.325456 0
6.329233 0
6.333009 0
6.336785 0
6.340562 0
6.344338 0
6.348114 0
6.351891 0
6.355667 0
6.359444 0
6.363220 0
6.366996 0
6.370773 0
6.374549 0
6.378325 0
6.382102 0
6.385879 0
6.389655 0
6.393431 0
6.397208 0
6.400984 0
6.404760 0
6.408537 0
6.412313 0
6.416090 0
6.419866 0
6.423642 0
6.427419 0
6.431195 0
6.434971 0
6.438748 0
6.442524 0
6.446301 0
6.450077 0
6.453854 0
6.457630 0
6.461406 0
6.465183 0
6.468959 0
6.472735 0
6.476512 0
6.480288 0
6.484065 0
6.487841 0
6.491617 0
6.495394 0
6.499170 0
6.502946 0
6.506723 0
6.510499 0
6.514276 0
6.518052 0
6.521829 0
6.525605 0
6.529381 0
6.533158 0
6.536934 0
6.540710 0
6.544487 0
6.548263 0
6.552040 0
6.555816 0
6.559592 0
6.563369 0
6.567145 0
6.570921 0
6.574698 0
6.578475 0
6.582251 0
6.586027 0
6.589804 0
6.593580 0
6.597356 0
6.601133 0
6.604909 0
6.608685 0
6.612462 0
6.616238 0
6.620015 0
6.623791 0
6.627567 0
6.631344 0
6.635120 0
6.638896 0
6.642673 0
6.646450 0
6.650226 0
6.654002 0
6.657779 0
6.661555 0
6.665331 0
6.669108 0
6.672884 0
6.676661 0
6.680437 0
6.684213 0
6.687990 0
6.691766 0
6.695542 0
6.699319 0
6.703095 0
6.706872 0
6.710648 0
6.714425 0
6.718201 0
6.721977 0
6.725754 0
6.729530 0
6.733306 0
6.737083 0
6.740859 0
6.744636 0
6.748412 0
6.752188 0
6.755965 0
6.759741 0
6.763517 0
6.767294 0
6.771070 0
6.774847 0
6.778623 0
6.782400 0
6.786176 0
6.789952 0
6.793729 0
6.797505 0
6.801281 0
6.805058 0
6.808834 0
6.812611 0
6.816387 0
6.820163 0
6.823940 0
6.827716 0
6.831492 0
6.835269 0
6.839046 0
6.842822 0
6.846598 0
6.850375 0
6.854151 0
6.857927 0
6.861704 0
6.865480 0
6.869256 0
6.873033 0
6.876809 0
6.880586 0
6.884362 0
6.888138 0
6.891915 0
6.895691 0
6.899467 0
6.903244 0
6.907021 0
6.910797 0
6.914573 0
6.918350 0
6.922126 0
6.925902 0
6.929679 0
6.933455 0
6.937232 0
6.941008 0
6.944784 0
6.948561 0
6.952337 0
6.956113 0
6.959890 0
6.963666 0
6.967443 0
6.971219 0
6.974996 0
6.978772 0
6.982548 0
6.986325 0
6.990101 0
6.993877 0
6.997654 0
7.001431 0
7.005207 0
7.008983 0
7.012760 0
7.016536 0
7.020312 0
7.024089 0
7.027865 0
7.031641 0
7.035418 0
7.039194 0
7.042971 0
7.046747 0
7.050523 0
7.054300 0
7.058076 0
7.061852 0
7.065629 0
7.069406 0
7.073182 0
7.076958 0
7.080735 0
7.084511 0
7.088287 0
7.092064 0
7.095840 0
7.099617 0
7.103393 0
7.107169 0
7.110946 0
7.114722 0
7.118498 0
7.122275 0
7.126051 0
7.129827 0
7.133604 0
7.137381 0
7.141157 0
7.144933 0
7.148710 0
7.152486 0
7.156262 0
7.160039 0
7.163815 0
7.167592 0
7.171368 0
7.175144 0
7.178921 0
7.182697 0
7.186473 0
7.190250 0
7.194026 0
7.197803 0
7.201579 0
7.205356 0
7.209132 0
7.212908 0
7.216685 0
7.220461 0
7.224237 0
7.228014 0
7.231790 0
7.235567 0
7.239343 0
7.243119 0
7.246896 0
7.250672 0
7.254448 0
7.258225 0
7.262002 0
7.265778 0
7.269554 1
7.273331 0
7.277107 0
7.280883 0
7.284660 0
7.288436 0
7.292212 0
7.295989 0
7.299765 0
7.303542 0
7.307318 0
7.311094 0
7.314871 0
7.318647 0
7.322423 0
7.326200 0
7.329977 0
7.333753 0
7.337529 0
7.341306 0
7.345082 0
7.348858 0
7.352635 0
7.356411 0
7.360188 0
7.363964 0
7.367740 0
7.371517 0
7.375293 0
7.379069 0
7.382846 0
7.386622 0
7.390399 0
7.394175 0
7.397952 0
7.401728 0
7.405504 0
7.409281 0
7.413057 0
7.416833 0
7.420610 0
7.424386 0
7.428163 0
7.431939 0
7.435715 0
7.439492 0
7.443268 0
7.447044 0
7.450821 0
7.454597 0
7.458374 0
7.462150 0
7.465927 0
7.469703 0
7.473479 0
7.477256 0
7.481032 0
7.484808 0
7.488585 0
7.492361 0
7.496138 0
7.499914 0
7.503690 0
7.507467 0
7.511243 0
7.515019 0
7.518796 0
7.522573 0
7.526349 0
7.530125 0
7.533902 0
7.537678 0
7.541454 0
7.545231 0
7.549007 0
7.552783 0
7.556560 0
7.560336 0
7.564113 0
7.567889 0
7.571665 0
7.575442 0
7.579218 0
7.582994 0
7.586771 0
7.590548 0
7.594324 0
7.598100 0
7.601877 0
7.605653 0
7.609429 0
7.613206 0
7.616982 0
7.620759 0
7.624535 0
7.628311 0
7.632088 0
7.635864 0
7.639640 0
7.643417 0
7.647193 0
7.650970 0
7.654746 0
7.658523 0
7.662299 0
7.666075 0
7.669852 0
7.673628 0
7.677404 0
7.681181 0
7.684957 0
7.688734 0
7.692510 1
7.696286 0
7.700063 0
7.703839 0
7.707615 0
7.711392 0
7.715168 0
7.718945 0
7.722721 0
7.726498 0
7.730274 1
