0.000000 5608
0.005378 36
0.010756 26
0.016135 25
0.021513 13
0.026891 30
0.032269 21
0.037648 30
0.043026 33
0.048404 19
0.053782 25
0.059161 26
0.064539 22
0.069917 30
0.075295 22
0.080673 24
0.086052 27
0.091430 29
0.096808 31
0.102186 33
0.107565 19
0.112943 29
0.118321 35
0.123699 19
0.129077 21
0.134456 23
0.139834 21
0.145212 18
0.150590 33
0.155969 27
0.161347 34
0.166725 25
0.172103 27
0.177482 26
0.182860 23
0.188238 21
0.193616 22
0.198994 20
0.204373 32
0.209751 25
0.215129 28
0.220507 24
0.225886 23
0.231264 17
0.236642 23
0.242020 23
0.247398 27
0.252777 27
0.258155 27
0.263533 32
0.268911 34
0.274290 25
0.279668 22
0.285046 24
0.290424 32
0.295803 34
0.301181 33
0.306559 29
0.311937 26
0.317315 21
0.322694 25
0.328072 32
0.333450 24
0.338828 35
0.344207 27
0.349585 27
0.354963 27
0.360341 26
0.365719 23
0.371098 20
0.376476 30
0.381854 28
0.387232 21
0.392611 29
0.397989 22
0.403367 29
0.408745 32
0.414124 28
0.419502 24
0.424880 25
0.430258 24
0.435636 38
0.441015 26
0.446393 19
0.451771 27
0.457149 27
0.462528 33
0.467906 24
0.473284 19
0.478662 28
0.484040 24
0.489419 28
0.494797 28
0.500175 16
0.505553 26
0.510932 31
0.516310 29
0.521688 29
0.527066 22
0.532445 28
0.537823 24
0.543201 21
0.548579 31
0.553957 37
0.559336 23
0.564714 27
0.570092 23
0.575470 29
0.580849 22
0.586227 23
0.591605 26
0.596983 41
0.602362 36
0.607740 27
0.613118 24
0.618496 26
0.623874 27
0.629253 34
0.634631 28
0.640009 22
0.645387 31
0.650766 30
0.656144 20
0.661522 22
0.666900 25
0.672278 26
0.677657 29
0.683035 31
0.688413 24
0.693791 37
0.699170 35
0.704548 23
0.709926 30
0.715304 31
0.720683 25
0.726061 17
0.731439 27
0.736817 23
0.742195 28
0.747574 26
0.752952 27
0.758330 23
0.763708 28
0.769087 25
0.774465 30
0.779843 28
0.785221 30
0.790599 22
0.795978 33
0.801356 36
0.806734 29
0.812112 30
0.817491 29
0.822869 26
0.828247 26
0.833625 31
0.839004 25
0.844382 27
0.849760 28
0.855138 26
0.860516 24
0.865895 25
0.871273 23
0.876651 28
0.882029 35
0.887408 16
0.892786 22
0.898164 26
0.903542 28
0.908920 30
0.914299 19
0.919677 30
0.925055 31
0.930433 18
0.935812 28
0.941190 28
0.946568 28
0.951946 23
0.957325 30
0.962703 28
0.968081 21
0.973459 23
0.978837 33
0.984216 16
0.989594 20
0.994972 24
1.000350 30
1.005729 31
1.011107 24
1.016485 27
1.021863 25
1.027241 26
1.032620 22
1.037998 26
1.043376 28
1.048754 28
1.054133 19
1.059511 23
1.064889 21
1.070267 27
1.075646 26
1.081024 30
1.086402 29
1.091780 25
1.097158 22
1.102537 23
1.107915 19
1.113293 26
1.118671 20
1.124050 23
1.129428 23
1.134806 28
1.140184 28
1.145563 22
1.150941 22
1.156319 18
1.161697 22
1.167075 29
1.172454 30
1.177832 29
1.183210 19
1.188588 19
1.193967 16
1.199345 16
1.204723 19
1.210101 17
1.215479 16
1.220858 21
1.226236 26
1.231614 23
1.236992 21
1.242371 17
1.247749 24
1.253127 17
1.258505 22
1.263883 14
1.269262 26
1.274640 15
1.280018 19
1.285396 26
1.290775 21
1.296153 15
1.301531 13
1.306909 19
1.312288 12
1.317666 27
1.323044 28
1.328422 18
1.333800 20
1.339179 23
1.344557 20
1.349935 17
1.355313 22
1.360692 21
1.366070 14
1.371448 17
1.376826 13
1.382205 11
1.387583 26
1.392961 21
1.398339 15
1.403717 12
1.409096 17
1.414474 17
1.419852 15
1.425230 27
1.430609 25
1.435987 12
1.441365 13
1.446743 11
1.452121 17
1.457500 26
1.462878 14
1.468256 13
1.473634 16
1.479013 23
1.484391 22
1.489769 17
1.495147 17
1.500525 13
1.505904 18
1.511282 21
1.516660 14
1.522038 18
1.527417 15
1.532795 16
1.538173 22
1.543551 24
1.548930 16
1.554308 18
1.559686 17
1.565064 11
1.570442 13
1.575821 16
1.581199 15
1.586577 21
1.591955 12
1.597334 9
1.602712 20
1.608090 20
1.613468 23
1.618847 15
1.624225 14
1.629603 12
1.634981 14
1.640359 11
1.645738 12
1.651116 13
1.656494 8
1.661872 19
1.667251 15
1.672629 15
1.678007 15
1.683385 17
1.688763 15
1.694142 9
1.699520 16
1.704898 13
1.710276 14
1.715655 7
1.721033 11
1.726411 16
1.731789 7
1.737168 14
1.742546 17
1.747924 14
1.753302 13
1.758680 17
1.764059 11
1.769437 9
1.774815 10
1.780193 13
1.785572 7
1.790950 10
1.796328 16
1.801706 14
1.807085 19
1.812463 18
1.817841 27
1.823219 17
1.828597 10
1.833976 11
1.839354 7
1.844732 16
1.850110 22
1.855489 14
1.860867 13
1.866245 11
1.871623 14
1.877001 11
1.882380 10
1.887758 13
1.893136 13
1.898514 17
1.903893 8
1.909271 9
1.914649 12
1.920027 11
1.925406 9
1.930784 9
1.936162 7
1.941540 15
1.946918 13
1.952297 11
1.957675 11
1.963053 8
1.968431 10
1.973810 16
1.979188 8
1.984566 14
1.989944 18
1.995322 12
2.000701 7
2.006079 11
2.011457 10
2.016835 14
2.022214 9
2.027592 12
2.032970 9
2.038348 11
2.043726 10
2.049105 24
2.054483 9
2.059861 12
2.065239 15
2.070618 11
2.075996 15
2.081374 7
2.086752 6
2.092131 10
2.097509 7
2.102887 2
2.108265 7
2.113643 14
2.119022 7
2.124400 8
2.129778 10
2.135156 10
2.140535 11
2.145913 6
2.151291 8
2.156669 16
2.162048 11
2.167426 4
2.172804 9
2.178182 9
2.183560 12
2.188939 11
2.194317 9
2.199695 8
2.205073 13
2.210452 8
2.215830 9
2.221208 7
2.226586 6
2.231965 7
2.237343 10
2.242721 9
2.248099 8
2.253477 11
2.258856 9
2.264234 5
2.269612 9
2.274990 9
2.280369 11
2.285747 9
2.291125 6
2.296503 5
2.301882 11
2.307260 5
2.312638 9
2.318016 5
2.323394 13
2.328773 8
2.334151 8
2.339529 12
2.344907 8
2.350286 8
2.355664 12
2.361042 7
2.366420 15
2.371799 7
2.377177 8
2.382555 10
2.387933 5
2.393311 8
2.398690 11
2.404068 8
2.409446 12
2.414824 8
2.420202 7
2.425581 14
2.430959 11
2.436337 8
2.441715 9
2.447093 9
2.452472 10
2.457850 10
2.463228 6
2.468606 4
2.473985 7
2.479363 9
2.484741 5
2.490119 9
2.495498 7
2.500876 6
2.506254 7
2.511632 6
2.517010 5
2.522389 5
2.527767 9
2.533145 5
2.538523 8
2.543902 7
2.549280 5
2.554658 10
2.560036 10
2.565415 5
2.570793 5
2.576171 8
2.581549 7
2.586927 4
2.592306 11
2.597684 10
2.603062 8
2.608440 6
2.613819 10
2.619197 11
2.624575 8
2.629953 8
2.635332 5
2.640710 7
2.646088 6
2.651466 5
2.656844 7
2.662223 9
2.667601 7
2.672979 10
2.678357 4
2.683736 3
2.689114 1
2.694492 2
2.699870 6
2.705249 9
2.710627 10
2.716005 6
2.721383 10
2.726761 4
2.732140 9
2.737518 4
2.742896 3
2.748274 8
2.753653 6
2.759031 4
2.764409 8
2.769787 7
2.775166 6
2.780544 5
2.785922 11
2.791300 6
2.796678 5
2.802057 4
2.807435 6
2.812813 4
2.818191 4
2.823570 3
2.828948 5
2.834326 6
2.839704 7
2.845083 10
2.850461 2
2.855839 6
2.861217 7
2.866595 2
2.871974 7
2.877352 6
2.882730 5
2.888108 8
2.893486 7
2.898865 6
2.904243 2
2.909621 7
2.914999 1
2.920378 8
2.925756 6
2.931134 5
2.936512 2
2.941890 6
2.947269 9
2.952647 7
2.958025 2
2.963403 9
2.968782 9
2.974160 4
2.979538 1
2.984916 6
2.990295 12
2.995673 7
3.001051 6
3.006429 4
3.011807 7
3.017186 6
3.022564 8
3.027942 4
3.033320 6
3.038699 3
3.044077 2
3.049455 4
3.054833 4
3.060212 4
3.065590 5
3.070968 4
3.076346 6
3.081724 8
3.087103 3
3.092481 5
3.097859 4
3.103237 5
3.108616 5
3.113994 3
3.119372 4
3.124750 4
3.130129 2
3.135507 5
3.140885 2
3.146263 1
3.151641 2
3.157020 5
3.162398 7
3.167776 4
3.173154 3
3.178533 5
3.183911 2
3.189289 5
3.194667 3
3.200046 3
3.205424 3
3.210802 5
3.216180 1
3.221558 6
3.226937 8
3.232315 4
3.237693 3
3.243071 2
3.248450 6
3.253828 7
3.259206 1
3.264584 1
3.269962 4
3.275341 1
3.280719 6
3.286097 3
3.291475 3
3.296854 8
3.302232 1
3.307610 5
3.312988 1
3.318367 5
3.323745 2
3.329123 4
3.334501 4
3.339879 4
3.345258 7
3.350636 3
3.356014 5
3.361392 3
3.366771 4
3.372149 6
3.377527 8
3.382905 4
3.388283 3
3.393662 5
3.399040 5
3.404418 4
3.409796 3
3.415174 4
3.420553 4
3.425931 3
3.431309 2
3.436687 6
3.442066 6
3.447444 9
3.452822 8
3.458200 0
3.463579 3
3.468957 4
3.474335 5
3.479713 3
3.485091 4
3.490470 4
3.495848 3
3.501226 1
3.506604 6
3.511983 3
3.517361 5
3.522739 5
3.528117 1
3.533496 1
3.538874 7
3.544252 2
3.549630 4
3.555008 3
3.560387 3
3.565765 4
3.571143 4
3.576521 3
3.581900 3
3.587278 1
3.592656 3
3.598034 2
3.603413 2
3.608791 2
3.614169 1
3.619547 3
3.624925 4
3.630304 3
3.635682 0
3.641060 3
3.646438 0
3.651817 6
3.657195 2
3.662573 3
3.667951 2
3.673330 2
3.678708 4
3.684086 2
3.689464 3
3.694842 1
3.700221 0
3.705599 4
3.710977 1
3.716355 4
3.721734 3
3.727112 5
3.732490 2
3.737868 2
3.743247 2
3.748625 0
3.754003 4
3.759381 2
3.764759 2
3.770138 3
3.775516 4
3.780894 2
3.786272 4
3.791651 3
3.797029 3
3.802407 3
3.807785 4
3.813164 2
3.818542 0
3.823920 4
3.829298 3
3.834676 2
3.840055 1
3.845433 2
3.850811 4
3.856189 1
3.861567 3
3.866946 4
3.872324 1
3.877702 3
3.883080 3
3.888459 3
3.893837 2
3.899215 2
3.904593 5
3.909971 5
3.915350 3
3.920728 3
3.926106 2
3.931484 1
3.936863 1
3.942241 5
3.947619 1
3.952997 6
3.958375 3
3.963754 3
3.969132 5
3.974510 0
3.979888 1
3.985267 3
3.990645 3
3.996023 0
4.001401 1
4.006780 4
4.012158 3
4.017536 4
4.022914 4
4.028293 3
4.033671 5
4.039049 2
4.044427 4
4.049806 3
4.055184 2
4.060562 2
4.065940 4
4.071318 1
4.076696 2
4.082075 0
4.087453 3
4.092831 2
4.098209 1
4.103588 1
4.108966 1
4.114344 2
4.119722 1
4.125101 2
4.130479 0
4.135857 6
4.141235 0
4.146614 1
4.151992 1
4.157370 3
4.162748 2
4.168127 3
4.173505 1
4.178883 1
4.184261 3
4.189640 2
4.195018 1
4.200396 0
4.205774 4
4.211152 1
4.216530 2
4.221909 3
4.227287 0
4.232665 1
4.238043 3
4.243422 2
4.248800 3
4.254178 3
4.259556 1
4.264935 0
4.270313 4
4.275691 1
4.281069 2
4.286448 3
4.291826 0
4.297204 3
4.302582 0
4.307961 2
4.313339 4
4.318717 1
4.324095 3
4.329473 1
4.334852 3
4.340230 1
4.345608 0
4.350986 0
4.356364 2
4.361742 0
4.367121 2
4.372499 4
4.377877 0
4.383255 5
4.388634 3
4.394012 1
4.399390 3
4.404768 2
4.410147 0
4.415525 3
4.420903 1
4.426281 3
4.431660 2
4.437038 2
4.442416 6
4.447794 0
4.453173 1
4.458551 1
4.463929 3
4.469307 1
4.474686 1
4.480063 1
4.485442 0
4.490820 6
4.496198 1
4.501576 3
4.506955 3
4.512333 4
4.517711 2
4.523089 2
4.528468 2
4.533846 2
4.539224 1
4.544602 1
4.549981 4
4.555359 1
4.560737 2
4.566115 2
4.571494 2
4.576872 1
4.582250 1
4.587628 0
4.593007 0
4.598385 2
4.603763 1
4.609141 3
4.614519 1
4.619897 1
4.625276 1
4.630654 1
4.636032 1
4.641410 3
4.646789 3
4.652167 1
4.657545 1
4.662923 1
4.668302 0
4.673680 1
4.679058 0
4.684436 2
4.689815 1
4.695193 1
4.700571 2
4.705949 2
4.711328 2
4.716706 2
4.722084 2
4.727462 2
4.732841 3
4.738219 2
4.743597 0
4.748975 0
4.754353 2
4.759731 0
4.765110 1
4.770488 2
4.775866 2
4.781244 3
4.786623 0
4.792001 2
4.797379 1
4.802757 3
4.808136 1
4.813514 0
4.818892 1
4.824270 0
4.829648 1
4.835027 2
4.840405 0
4.845783 2
4.851161 2
4.856540 2
4.861918 1
4.867296 0
4.872674 0
4.878053 1
4.883431 2
4.888809 0
4.894187 2
4.899565 1
4.904943 0
4.910322 1
4.915700 0
4.921078 0
4.926456 2
4.931835 5
4.937213 0
4.942591 1
4.947969 0
4.953348 2
4.958726 0
4.964104 1
4.969482 7
4.974861 0
4.980239 0
4.985617 3
4.990995 0
4.996374 0
5.001752 2
5.007130 1
5.012508 0
5.017887 0
5.023265 0
5.028643 1
5.034021 1
5.039399 1
5.044777 0
5.050156 0
5.055534 1
5.060912 0
5.066290 0
5.071669 0
5.077047 1
5.082425 3
5.087803 2
5.093182 0
5.098560 4
5.103938 2
5.109316 0
5.114695 2
5.120073 2
5.125451 0
5.130829 1
5.136208 0
5.141586 0
5.146964 0
5.152342 2
5.157721 2
5.163098 3
5.168477 2
5.173855 1
5.179233 2
5.184611 1
5.189990 0
5.195368 2
5.200746 0
5.206124 2
5.211503 1
5.216881 0
5.222259 3
5.227637 1
5.233016 1
5.238394 1
5.243772 2
5.249150 2
5.254529 1
5.259907 1
5.265285 0
5.270663 1
5.276042 1
5.281420 2
5.286798 1
5.292176 2
5.297554 0
5.302932 1
5.308311 1
5.313689 0
5.319067 1
5.324445 1
5.329823 0
5.335202 0
5.340580 0
5.345958 1
5.351336 1
5.356715 1
5.362093 0
5.367471 0
5.372849 0
5.378228 1
5.383606 0
5.388984 0
5.394362 0
5.399741 1
5.405119 1
5.410497 0
5.415875 0
5.421254 0
5.426632 2
5.432010 1
5.437388 0
5.442766 1
5.448144 0
5.453523 2
5.458901 0
5.464279 0
5.469657 4
5.475036 1
5.480414 1
5.485792 0
5.491170 0
5.496549 1
5.501927 0
5.507305 0
5.512683 0
5.518062 1
5.523440 0
5.528818 0
5.534196 0
5.539575 1
5.544953 2
5.550331 0
5.555709 1
5.561088 1
5.566466 0
5.571844 0
5.577222 0
5.582600 1
5.587978 1
5.593357 1
5.598735 0
5.604113 0
5.609491 1
5.614870 0
5.620248 1
5.625626 1
5.631004 1
5.636383 1
5.641761 2
5.647139 1
5.652517 1
5.657896 0
5.663274 0
5.668652 0
5.674030 0
5.679409 1
5.684787 1
5.690165 0
5.695543 0
5.700922 0
5.706300 0
5.711678 0
5.717056 1
5.722434 1
5.727812 1
5.733191 0
5.738569 0
5.743947 4
5.749325 0
5.754704 0
5.760082 0
5.765460 1
5.770838 0
5.776217 0
5.781595 2
5.786973 0
5.792351 0
5.797729 0
5.803108 0
5.808486 0
5.813864 1
5.819242 1
5.824621 0
5.829999 1
5.835377 0
5.840755 0
5.846134 0
5.851512 1
5.856890 0
5.862268 1
5.867646 0
5.873024 0
5.878403 1
5.883781 0
5.889159 2
5.894537 1
5.899916 1
5.905294 0
5.910672 0
5.916050 0
5.921429 0
5.926807 0
5.932185 0
5.937563 0
5.942942 0
5.948320 0
5.953698 0
5.959076 1
5.964455 0
5.969833 1
5.975211 0
5.980589 1
5.985968 2
5.991345 0
5.996724 0
6.002102 0
6.007480 0
6.012858 0
6.018237 0
6.023615 1
6.028993 0
6.034371 0
6.039750 0
6.045128 0
6.050506 0
6.055884 0
6.061263 1
6.066641 0
6.072019 1
6.077397 0
6.082776 0
6.088154 0
6.093532 1
6.098910 0
6.104289 0
6.109667 1
6.115045 1
6.120423 0
6.125802 1
6.131179 1
6.136558 0
6.141936 1
6.147314 1
6.152692 1
6.158071 1
6.163449 0
6.168827 0
6.174205 0
6.179584 0
6.184962 1
6.190340 1
6.195718 0
6.201097 0
6.206475 0
6.211853 0
6.217231 0
6.222610 0
6.227988 0
6.233366 0
6.238744 0
6.244123 0
6.249501 1
6.254879 0
6.260257 0
6.265635 2
6.271013 0
6.276392 0
6.281770 0
6.287148 0
6.292526 0
6.297904 1
6.303283 0
6.308661 0
6.314039 0
6.319417 0
6.324796 1
6.330174 1
6.335552 1
6.340930 0
6.346309 0
6.351687 1
6.357065 0
6.362443 0
6.367822 1
6.373200 0
6.378578 0
6.383956 1
6.389335 0
6.394713 2
6.400091 0
6.405469 1
6.410847 0
6.416225 0
6.421604 0
6.426982 0
6.432360 1
6.437738 0
6.443117 0
6.448495 1
6.453873 0
6.459251 0
6.464630 0
6.470008 0
6.475386 2
6.480764 0
6.486143 0
6.491521 0
6.496899 1
6.502277 1
6.507656 1
6.513034 0
6.518412 1
6.523790 0
6.529169 0
6.534547 1
6.539925 0
6.545303 1
6.550681 1
6.556059 0
6.561438 1
6.566816 0
6.572194 0
6.577572 0
6.582951 0
6.588329 1
6.593707 0
6.599085 0
6.604464 0
6.609842 0
6.615220 1
6.620598 1
6.625977 1
6.631355 0
6.636733 0
6.642111 0
6.647490 0
6.652868 0
6.658246 1
6.663624 1
6.669003 1
6.674381 1
6.679759 0
6.685137 0
6.690515 0
6.695893 0
6.701272 0
6.706650 0
6.712028 0
6.717406 0
6.722785 1
6.728163 0
6.733541 0
6.738919 0
6.744298 0
6.749676 0
6.755054 0
6.760432 1
6.765810 0
6.771189 0
6.776567 0
6.781945 0
6.787323 0
6.792702 0
6.798080 0
6.803458 0
6.808836 0
6.814215 0
6.819592 0
6.824971 0
6.830349 1
6.835727 0
6.841105 0
6.846484 1
6.851862 0
6.857240 0
6.862618 0
6.867997 1
6.873375 0
6.878753 0
6.884131 0
6.889510 0
6.894888 0
6.900266 1
6.905644 0
6.911023 1
6.916401 1
6.921779 1
6.927157 0
6.932536 0
6.937914 0
6.943292 0
6.948670 0
6.954048 0
6.959426 0
6.964805 1
6.970183 1
6.975561 1
6.980939 0
6.986318 0
6.991696 0
6.997074 0
7.002452 0
7.007831 1
7.013209 0
7.018587 0
7.023965 0
7.029344 0
7.034722 0
7.040100 0
7.045478 0
7.050857 1
7.056235 0
7.061613 0
7.066991 0
7.072370 0
7.077748 1
7.083126 0
7.088504 0
7.093882 2
7.099260 0
7.104639 0
7.110017 0
7.115395 0
7.120773 0
7.126152 0
7.131530 0
7.136908 0
7.142286 0
7.147665 1
7.153043 1
7.158421 0
7.163799 0
7.169178 0
7.174556 0
7.179934 0
7.185312 0
7.190691 0
7.196069 0
7.201447 0
7.206825 0
7.212204 0
7.217582 0
7.222960 0
7.228338 0
7.233716 1
7.239094 0
7.244473 0
7.249851 0
7.255229 0
7.260607 0
7.265985 0
7.271364 0
7.276742 0
7.282120 1
7.287498 0
7.292877 0
7.298255 0
7.303633 0
7.309011 1
7.314390 0
7.319768 0
7.325146 0
7.330524 0
7.335903 0
7.341281 0
7.346659 0
7.352037 0
7.357416 1
7.362794 1
7.368172 0
7.373550 0
7.378928 0
7.384306 0
7.389685 0
7.395063 0
7.400441 0
7.405819 0
7.411198 1
7.416576 0
7.421954 0
7.427332 1
7.432711 1
7.438089 0
7.443467 0
7.448845 0
7.454224 1
7.459602 0
7.464980 1
7.470358 0
7.475737 0
7.481115 0
7.486493 0
7.491871 0
7.497250 0
7.502628 0
7.508006 0
7.513384 0
7.518762 0
7.524140 0
7.529519 0
7.534897 0
7.540275 0
7.545653 1
7.551032 0
7.556410 0
7.561788 0
7.567166 0
7.572545 0
7.577923 0
7.583301 0
7.588679 0
7.594058 0
7.599436 0
7.604814 0
7.610192 1
7.615571 0
7.620949 0
7.626327 0
7.631705 0
7.637084 1
7.642461 0
7.647840 1
7.653218 0
7.658596 0
7.663974 0
7.669353 1
7.674731 0
7.680109 0
7.685487 1
7.690866 0
7.696244 0
7.701622 1
7.707000 0
7.712379 0
7.717757 0
7.723135 0
7.728513 0
7.733891 0
7.739270 0
7.744648 0
7.750026 0
7.755404 0
7.760783 0
7.766161 0
7.771539 0
7.776917 0
7.782295 0
7.787673 0
7.793052 0
7.798430 0
7.803808 0
7.809186 1
7.814565 0
7.819943 0
7.825321 0
7.830699 2
7.836078 0
7.841456 0
7.846834 1
7.852212 0
7.857591 0
7.862969 1
7.868347 0
7.873725 0
7.879104 1
7.884482 0
7.889860 0
7.895238 0
7.900617 0
7.905995 0
7.911373 0
7.916751 0
7.922129 1
7.927507 0
7.932886 0
7.938264 0
7.943642 0
7.949020 0
7.954399 0
7.959777 1
7.965155 0
7.970533 0
7.975912 0
7.981290 0
7.986668 0
7.992046 0
7.997425 0
8.002803 0
8.008181 0
8.013559 0
8.018937 0
8.024316 0
8.029694 0
8.035072 0
8.040450 0
8.045829 0
8.051207 0
8.056585 0
8.061963 0
8.067342 0
8.072720 0
8.078098 0
8.083476 0
8.088855 0
8.094233 0
8.099611 0
8.104989 0
8.110368 0
8.115746 0
8.121124 0
8.126502 1
8.131880 0
8.137259 0
8.142636 0
8.148015 0
8.153393 0
8.158772 0
8.164149 0
8.169528 0
8.174906 0
8.180285 0
8.185662 0
8.191041 0
8.196419 0
8.201797 0
8.207175 0
8.212554 0
8.217932 0
8.223310 0
8.228688 0
8.234067 0
8.239445 0
8.244823 0
8.250201 0
8.255580 0
8.260958 0
8.266335 0
8.271714 0
8.277092 0
8.282471 0
8.287848 0
8.293227 0
8.298605 0
8.303984 1
8.309361 0
8.314740 0
8.320118 0
8.325497 0
8.330874 0
8.336253 0
8.341631 0
8.347010 0
8.352387 0
8.357766 0
8.363144 1
8.368523 0
8.373900 0
8.379279 0
8.384657 0
8.390036 0
8.395413 0
8.400791 0
8.406170 0
8.411548 0
8.416926 0
8.422304 0
8.427683 0
8.433061 0
8.438439 0
8.443817 0
8.449196 0
8.454574 0
8.459952 0
8.465330 0
8.470709 0
8.476087 0
8.481465 0
8.486843 0
8.492222 0
8.497600 0
8.502978 0
8.508356 0
8.513735 1
8.519113 0
8.524491 0
8.529869 0
8.535248 0
8.540626 0
8.546003 0
8.551382 0
8.556760 0
8.562139 0
8.567516 0
8.572895 0
8.578273 0
8.583652 0
8.589029 0
8.594408 0
8.599786 0
8.605165 0
8.610542 0
8.615921 0
8.621299 0
8.626678 0
8.632055 0
8.637434 0
8.642812 0
8.648190 0
8.653568 0
8.658947 0
8.664325 0
8.669703 0
8.675081 0
8.680459 0
8.685838 0
8.691216 0
8.696594 0
8.701972 1
8.707351 0
8.712729 0
8.718107 0
8.723485 0
8.728864 0
8.734241 0
8.739620 0
8.744998 0
8.750377 0
8.755754 0
8.761133 0
8.766511 0
8.771890 0
8.777267 1
8.782646 0
8.788024 0
8.793403 0
8.798780 0
8.804159 0
8.809537 0
8.814915 0
8.820293 0
8.825671 0
8.831050 0
8.836428 0
8.841806 0
8.847184 0
8.852563 0
8.857941 0
8.863319 0
8.868697 0
8.874076 0
8.879454 0
8.884832 1
8.890210 0
8.895589 0
8.900967 0
8.906345 0
8.911723 0
8.917102 0
8.922480 0
8.927858 0
8.933236 0
8.938615 1
8.943993 0
8.949371 0
8.954749 0
8.960127 0
8.965506 0
8.970883 0
8.976262 0
8.981640 0
8.987019 0
8.992396 0
8.997775 0
9.003153 0
9.008532 0
9.013909 0
9.019288 0
9.024666 0
9.030045 0
9.035422 0
9.040801 0
9.046179 0
9.051558 1
9.056935 0
9.062314 0
9.067692 0
9.073071 0
9.078448 1
9.083827 0
9.089205 0
9.094583 0
9.099961 0
9.105339 0
9.110718 0
9.116096 0
9.121474 0
9.126852 0
9.132231 0
9.137609 0
9.142987 0
9.148365 0
9.153744 0
9.159122 0
9.164500 0
9.169878 0
9.175257 0
9.180634 1
9.186013 0
9.191391 0
9.196770 0
9.202147 0
9.207526 0
9.212904 0
9.218283 0
9.223660 0
9.229038 0
9.234417 0
9.239795 0
9.245173 0
9.250551 0
9.255930 0
9.261308 0
9.266686 0
9.272064 0
9.277443 0
9.282821 0
9.288199 0
9.293577 0
9.298956 0
9.304334 0
9.309712 0
9.315090 0
9.320469 0
9.325847 0
9.331225 0
9.336603 0
9.341982 0
9.347360 0
9.352738 0
9.358116 0
9.363494 1
9.368873 0
9.374250 0
9.379629 0
9.385007 0
9.390386 0
9.395763 0
9.401142 0
9.406520 0
9.411899 0
9.417276 0
9.422655 0
9.428033 0
9.433412 0
9.438789 0
9.444168 0
9.449546 0
9.454925 0
9.460302 0
9.465681 0
9.471059 0
9.476438 0
9.481815 0
9.487194 0
9.492572 0
9.497951 0
9.503328 0
9.508706 0
9.514085 0
9.519463 0
9.524841 0
9.530219 0
9.535598 0
9.540976 0
9.546354 0
9.551732 0
9.557111 0
9.562489 0
9.567867 0
9.573245 0
9.578624 0
9.584002 0
9.589380 0
9.594758 0
9.600137 0
9.605515 0
9.610893 0
9.616271 1
9.621650 0
9.627028 0
9.632406 0
9.637784 0
9.643162 0
9.648540 0
9.653918 0
9.659297 0
9.664675 0
9.670053 0
9.675431 0
9.680810 0
9.686188 0
9.691566 1
9.696944 0
9.702323 0
9.707701 0
9.713079 0
9.718457 0
9.723836 0
9.729214 0
9.734592 0
9.739970 0
9.745349 0
9.750727 0
9.756105 0
9.761483 0
9.766862 0
9.772240 0
9.777617 0
9.782996 0
9.788374 0
9.793753 0
9.799130 0
9.804509 0
9.809887 0
9.815266 0
9.820643 0
9.826022 0
9.831400 0
9.836779 1
9.842156 0
9.847535 0
9.852913 0
9.858292 0
9.863669 0
9.869048 0
9.874426 0
9.879805 0
9.885182 0
9.890561 0
9.895939 0
9.901318 0
9.906695 0
9.912074 0
9.917452 0
9.922830 0
9.928208 0
9.933586 0
9.938965 0
9.944343 0
9.949721 0
9.955099 0
9.960478 0
9.965856 0
9.971234 0
9.976612 0
9.981991 0
9.987369 0
9.992747 0
9.998125 0
10.003504 0
10.008882 0
10.014260 0
10.019638 0
10.025017 0
10.030395 0
10.035773 0
10.041151 0
10.046530 0
10.051908 1
10.057285 0
10.062664 0
10.068042 0
10.073421 0
10.078798 0
10.084177 0
10.089555 0
10.094934 0
10.100311 0
10.105690 0
10.111068 0
10.116446 0
10.121824 0
10.127203 0
10.132581 0
10.137959 0
10.143337 0
10.148716 0
10.154094 0
10.159472 0
10.164850 0
10.170229 0
10.175607 0
10.180985 0
10.186363 0
10.191741 0
10.197120 0
10.202497 0
10.207876 0
10.213254 0
10.218633 0
10.224010 0
10.229389 0
10.234767 0
10.240146 0
10.245523 0
10.250902 0
10.256280 0
10.261659 0
10.267036 0
10.272415 0
10.277793 1
10.283172 0
10.288549 0
10.293928 0
10.299306 0
10.304685 0
10.310062 0
10.315441 0
10.320819 0
10.326197 0
10.331575 0
10.336953 0
10.342332 0
10.347710 0
10.353088 0
10.358466 0
10.363845 0
10.369223 0
10.374601 0
10.379979 0
10.385358 0
10.390736 0
10.396114 0
10.401492 0
10.406871 0
10.412249 0
10.417627 0
10.423005 0
10.428384 0
10.433762 0
10.439140 0
10.444518 0
10.449897 0
10.455275 0
10.460653 0
10.466031 0
10.471409 0
10.476788 0
10.482165 0
10.487544 0
10.492922 0
10.498301 0
10.503678 0
10.509057 0
10.514435 0
10.519814 0
10.525191 0
10.530570 0
10.535948 0
10.541327 0
10.546704 0
10.552083 0
10.557461 0
10.562840 0
10.568217 0
10.573596 0
10.578974 0
10.584352 0
10.589730 0
10.595109 0
10.600487 0
10.605865 0
10.611243 0
10.616621 0
10.622000 0
10.627378 0
10.632756 0
10.638134 0
10.643513 0
10.648890 0
10.654269 0
10.659647 0
10.665026 0
10.670403 0
10.675782 0
10.681160 1
10.686539 0
10.691916 0
10.697295 0
10.702673 0
10.708052 0
10.713429 0
10.718808 0
10.724186 0
10.729565 0
10.734942 0
10.740320 0
10.745699 0
10.751077 0
10.756455 0
10.761833 0
10.767212 0
10.772590 0
10.777968 0
10.783346 0
10.788725 0
10.794103 0
10.799481 0
10.804859 0
10.810238 0
10.815616 0
10.820994 0
10.826372 0
10.831751 0
10.837129 0
10.842507 0
10.847885 0
10.853264 0
10.858642 0
10.864020 0
10.869398 0
10.874777 0
10.880155 0
10.885532 0
10.890911 0
10.896289 0
10.901668 0
10.907045 0
10.912424 0
10.917802 0
10.923181 0
10.928558 0
10.933937 0
10.939315 0
10.944694 0
10.950071 0
10.955450 0
10.960828 0
10.966207 0
10.971584 0
10.976963 0
10.982341 0
10.987720 0
10.993097 0
10.998476 0
11.003854 0
11.009233 1
