0 0 33.277901
0 1 32.374664
0 2 49.370476
0 3 84.072105
0 4 85.394417
0 5 63.268364
0 6 28.648563
0 7 57.453175
0 8 21.195244
0 9 91.425346
0 10 20.906439
0 11 32.440449
0 12 28.885994
0 13 34.404484
0 14 31.249130
0 15 68.596199
2 0 400.047333
2 1 616.495239
2 2 668.616638
2 3 420.914459
2 4 584.427185
2 5 249.822708
2 6 537.489685
2 7 311.080994
2 8 442.383484
2 9 313.212280
2 10 632.053345
2 11 397.202637
2 12 312.697540
2 13 497.961945
2 14 457.929321
2 15 1067.458984
2 16 693.796692
2 17 365.972260
2 18 358.504974
2 19 608.543701
2 20 508.451660
2 21 428.547150
2 22 363.826965
2 23 595.736450
2 24 302.638336
2 25 481.454926
2 26 438.508484
2 27 387.122467
2 28 196.704880
2 29 447.861023
2 30 397.612579
2 31 343.612366
4 0 522.495361
4 1 518.227051
4 2 394.933258
4 3 376.316162
4 4 359.302307
4 5 327.023682
4 6 435.485931
4 7 499.413239
4 8 424.168488
4 9 586.486877
4 10 292.735168
4 11 603.407227
4 12 504.010986
4 13 424.942871
4 14 979.716125
4 15 478.018372
4 16 205.662231
4 17 959.801880
4 18 563.975647
4 19 592.545776
4 20 569.824890
4 21 317.265472
4 22 551.489380
4 23 603.564392
4 24 379.233032
4 25 306.974060
4 26 329.376129
4 27 1063.881592
4 28 499.160706
4 29 581.942749
4 30 543.682495
4 31 441.414825
4 32 582.063721
4 33 399.500397
4 34 847.326904
4 35 581.838806
4 36 328.792725
4 37 316.423950
4 38 668.540466
4 39 419.997650
4 40 477.668854
4 41 672.899536
4 42 502.248383
4 43 373.622131
4 44 1109.305176
4 45 190.808472
4 46 527.546753
4 47 409.986298
4 48 510.723358
4 49 672.979248
4 50 358.371765
4 51 413.303192
4 52 331.276642
4 53 650.094116
4 54 529.250488
4 55 759.553650
4 56 544.582336
4 57 544.139404
4 58 545.889404
4 59 456.709686
4 60 389.977783
4 61 560.047180
4 62 213.969727
4 63 582.632507
6 0 500.533661
6 1 641.569519
6 2 326.164337
6 3 645.387207
6 4 641.985779
6 5 581.803101
6 6 672.348511
6 7 932.842957
6 8 672.744507
6 9 621.630066
6 10 621.563599
6 11 347.188080
6 12 669.477661
6 13 482.556702
6 14 664.265076
6 15 404.887939
6 16 435.731110
6 17 533.826843
6 18 696.210632
6 19 524.414062
6 20 763.395203
6 21 472.258026
6 22 598.173645
6 23 604.134583
6 24 687.075623
6 25 323.522156
6 26 857.531799
6 27 560.190247
6 28 600.775146
6 29 477.853699
6 30 397.788879
6 31 947.405701
6 32 872.500488
6 33 622.065002
6 34 651.413269
6 35 750.761902
6 36 473.615631
6 37 887.578247
6 38 734.273743
6 39 565.974121
6 40 480.654205
6 41 372.014587
6 42 721.727417
6 43 649.236633
6 44 295.051910
6 45 853.699219
6 46 573.418274
6 47 459.230560
6 48 573.112427
6 49 384.740021
6 50 734.851990
6 51 654.207886
6 52 252.167648
6 53 490.571014
6 54 679.209167
6 55 681.218323
6 56 511.539795
6 57 493.204987
6 58 364.677734
6 59 629.270081
6 60 832.019409
6 61 583.766113
6 62 650.201233
6 63 361.019104
6 64 585.160339
6 65 747.509399
6 66 465.772522
6 67 758.308899
6 68 826.543579
6 69 730.346191
6 70 657.586914
6 71 1037.578247
6 72 935.663391
6 73 208.516541
6 74 507.549774
6 75 817.095276
6 76 765.344971
6 77 654.424500
6 78 885.072937
6 79 733.454346
6 80 576.326294
6 81 906.159851
6 82 765.962463
6 83 531.267761
6 84 733.348145
6 85 584.661560
6 86 648.162415
6 87 425.548889
6 88 740.616028
6 89 604.078552
6 90 690.323242
6 91 680.530762
6 92 707.534241
6 93 459.068237
6 94 687.985107
6 95 619.369385
6 96 499.830200
6 97 679.229126
6 98 583.991272
6 99 451.173004
6 100 475.888489
6 101 615.905029
6 102 1063.812866
6 103 396.483276
6 104 507.739014
6 105 612.936218
6 106 816.864624
6 107 475.915375
6 108 484.919495
6 109 663.078369
6 110 498.011871
6 111 793.975830
6 112 616.552307
6 113 525.145935
6 114 582.985107
6 115 569.339600
6 116 581.255310
6 117 243.029251
6 118 581.460815
6 119 719.560120
6 120 806.269653
6 121 669.639282
6 122 337.873840
6 123 410.852844
6 124 516.207703
6 125 631.742371
6 126 668.350647
6 127 649.931030
8 0 513.089539
8 1 387.843933
8 2 375.870880
8 3 404.525208
8 4 139.055969
8 5 302.123535
8 6 537.686035
8 7 318.783325
8 8 265.437378
8 9 530.157715
8 10 441.989380
8 11 474.745483
8 12 509.501556
8 13 459.131836
8 14 376.566071
8 15 264.626038
8 16 787.143616
8 17 517.211487
8 18 465.563171
8 19 191.676498
8 20 555.015442
8 21 434.764709
8 22 316.227600
8 23 382.644440
8 24 589.130249
8 25 566.941711
8 26 650.756042
8 27 318.121613
8 28 256.827179
8 29 651.208008
8 30 548.396362
8 31 297.331207
8 32 503.099701
8 33 521.137878
8 34 575.857422
8 35 438.655457
8 36 459.019379
8 37 279.534088
8 38 792.932068
8 39 455.122986
8 40 226.711517
8 41 676.131531
8 42 694.355347
8 43 326.604767
8 44 477.158600
8 45 295.810608
8 46 634.701294
8 47 499.128967
8 48 536.568970
8 49 288.663605
8 50 293.769348
8 51 551.336365
8 52 567.924255
8 53 447.807404
8 54 361.482544
8 55 260.941498
8 56 538.826294
8 57 365.780823
8 58 302.217133
8 59 609.757935
8 60 346.263641
8 61 649.583862
8 62 560.460571
8 63 401.167450
8 64 281.398651
8 65 248.678207
8 66 482.781891
8 67 709.326538
8 68 607.164917
8 69 374.811462
8 70 390.961700
8 71 604.288940
8 72 342.349213
8 73 194.137878
8 74 683.210449
8 75 521.024780
8 76 531.883606
8 77 364.649048
8 78 386.279449
8 79 447.791046
8 80 301.534332
8 81 422.097137
8 82 303.171875
8 83 541.859619
8 84 519.214050
8 85 403.871918
8 86 335.101257
8 87 509.849304
8 88 181.539795
8 89 577.698914
8 90 433.565216
8 91 564.812622
8 92 438.472412
8 93 247.631851
8 94 610.163940
8 95 465.865448
8 96 212.700012
8 97 401.543427
8 98 339.531708
8 99 712.176086
8 100 512.362305
8 101 474.504272
8 102 643.698486
8 103 142.990463
8 104 410.991333
8 105 390.807800
8 106 575.208130
8 107 661.504395
8 108 615.068237
8 109 445.502106
8 110 447.153290
8 111 301.993164
8 112 458.316772
8 113 445.586609
8 114 214.744278
8 115 310.376831
8 116 655.701111
8 117 542.048828
8 118 338.304749
8 119 253.009262
8 120 640.014771
8 121 612.885315
8 122 299.541534
8 123 375.689606
8 124 346.365204
8 125 396.855560
8 126 439.722107
8 127 321.933289
8 128 442.095459
8 129 675.499939
8 130 319.329681
8 131 275.046753
8 132 646.779785
8 133 373.849426
8 134 387.122223
8 135 484.935486
8 136 470.846832
8 137 645.344116
8 138 252.464676
8 139 404.324463
8 140 241.194275
8 141 276.480927
8 142 202.515182
8 143 359.480927
8 144 598.593018
8 145 461.405029
8 146 486.985992
8 147 576.082581
8 148 587.581360
8 149 455.267517
8 150 268.810211
8 151 471.068878
8 152 419.491852
8 153 272.242157
8 154 499.576416
8 155 627.079346
8 156 625.365479
8 157 379.770050
8 158 247.694519
8 159 688.177856
8 160 413.009369
8 161 508.352509
8 162 333.024323
8 163 336.159851
8 164 484.472992
8 165 589.128052
8 166 237.145828
8 167 281.530029
8 168 509.237244
8 169 332.292969
8 170 317.232544
8 171 542.875916
8 172 235.753082
8 173 246.315338
8 174 462.919098
8 175 289.218781
8 176 535.961243
8 177 690.124451
8 178 567.640198
8 179 526.978638
8 180 372.568085
8 181 534.206116
8 182 434.435364
8 183 305.909973
8 184 311.521210
8 185 405.951752
8 186 704.324646
8 187 252.344772
8 188 544.003601
8 189 341.701874
8 190 444.302734
8 191 417.849945
8 192 711.670288
8 193 857.636169
8 194 669.307251
8 195 355.244843
8 196 396.436768
8 197 257.477692
8 198 394.808105
8 199 425.449005
8 200 327.737213
8 201 434.710602
8 202 475.895172
8 203 476.768860
8 204 507.345001
8 205 546.409790
8 206 783.462219
8 207 304.202057
8 208 535.852600
8 209 556.588257
8 210 430.608032
8 211 411.216064
8 212 443.813232
8 213 797.557434
8 214 561.141663
8 215 457.313080
8 216 239.860794
8 217 393.953552
8 218 417.354523
8 219 382.730194
8 220 696.111511
8 221 455.784302
8 222 313.688110
8 223 149.010193
8 224 489.846497
8 225 387.134247
8 226 486.476440
8 227 433.189270
8 228 317.197113
8 229 586.366516
8 230 308.057007
8 231 623.212219
8 232 264.350922
8 233 427.510681
8 234 768.469177
8 235 343.661591
8 236 532.335022
8 237 418.799164
8 238 293.784546
8 239 777.428162
8 240 541.499329
8 241 553.735474
8 242 293.400848
8 243 569.632812
8 244 594.417603
8 245 686.583679
8 246 159.962463
8 247 505.528107
8 248 484.537781
8 249 885.426636
8 250 429.958496
8 251 372.053070
8 252 327.658630
8 253 192.859558
8 254 616.098999
8 255 358.455444
10 0 1140.538696
10 1 1857.643555
10 2 2209.686035
10 3 2458.118164
10 4 2506.833496
10 5 1773.674438
10 6 2087.458008
10 7 1898.758423
10 8 2337.888184
10 9 2596.709717
10 10 3048.350830
10 11 1812.741943
10 12 2063.278076
10 13 2576.437256
10 14 1347.218628
10 15 1753.226074
10 16 1296.580078
10 17 2454.255127
10 18 1600.573242
10 19 2156.652832
10 20 1409.240967
10 21 3011.080078
10 22 1571.903442
10 23 1860.178833
10 24 2301.551758
10 25 2417.638916
10 26 1567.231201
10 27 3160.624268
10 28 2243.591553
10 29 1153.839111
10 30 1437.444946
10 31 1701.113892
10 32 2185.663818
10 33 2349.646729
10 34 1854.721191
10 35 1828.096191
10 36 1583.844971
10 37 2836.722900
10 38 2220.097412
10 39 2139.552734
10 40 3803.964355
10 41 1950.937134
10 42 1402.054810
10 43 2256.881592
10 44 3280.859131
10 45 2592.009521
10 46 2680.209473
10 47 1821.093628
10 48 1424.164673
10 49 2507.905029
10 50 3484.629639
10 51 2683.378906
10 52 1978.261108
10 53 2100.180664
10 54 2686.142090
10 55 1813.444092
10 56 1814.931641
10 57 1027.043701
10 58 1877.179932
10 59 1185.740112
10 60 2868.665039
10 61 1330.134644
10 62 2742.107422
10 63 1156.847778
10 64 2785.725342
10 65 2702.823730
10 66 2950.437744
10 67 1870.496460
10 68 1928.055908
10 69 966.876282
10 70 1820.025513
10 71 1934.340820
10 72 921.301514
10 73 2253.328125
10 74 2224.778809
10 75 2620.707764
10 76 2656.604004
10 77 1218.887695
10 78 2896.693848
10 79 2020.830566
10 80 1591.499634
10 81 3202.621338
10 82 1302.431885
10 83 1814.635132
10 84 1773.641602
10 85 2207.945312
10 86 1246.975708
10 87 3358.432129
10 88 2523.264893
10 89 1648.834351
10 90 3528.942871
10 91 1312.649536
10 92 1153.861816
10 93 1824.631592
10 94 1357.290161
10 95 2322.345947
10 96 2448.666016
10 97 2603.227539
10 98 2284.877930
10 99 2459.553955
10 100 1527.575562
10 101 1649.665405
10 102 2491.520752
10 103 1754.521484
10 104 2860.180664
10 105 2292.264893
10 106 1294.443604
10 107 2867.369873
10 108 1590.963989
10 109 2874.376709
10 110 2743.524170
10 111 1431.945923
10 112 1525.064819
10 113 2452.466553
10 114 2509.021484
10 115 2273.440674
10 116 3136.960205
10 117 3130.148926
10 118 1795.089478
10 119 2491.289551
10 120 2631.129883
10 121 1636.668701
10 122 1814.589355
10 123 2783.111572
10 124 1879.796753
10 125 1799.704956
10 126 1505.031616
10 127 1820.901245
10 128 2778.788574
10 129 1599.338135
10 130 1290.587280
10 131 2315.041504
10 132 2614.993164
10 133 2823.184082
10 134 2346.038086
10 135 2291.236572
10 136 2496.859619
10 137 1284.504272
10 138 2776.205322
10 139 2594.188232
10 140 2547.339844
10 141 2092.329590
10 142 2470.572510
10 143 1789.002441
10 144 1161.106567
10 145 1589.587158
10 146 2771.848633
10 147 2408.653564
10 148 2292.421143
10 149 1845.766479
10 150 2964.188477
10 151 1837.742676
10 152 1885.552124
10 153 1573.059692
10 154 1588.447266
10 155 2688.713623
10 156 724.211121
10 157 1651.511597
10 158 1613.442383
10 159 2167.880371
10 160 1561.830200
10 161 1691.446899
10 162 2585.610596
10 163 1343.339233
10 164 2211.399414
10 165 1789.124512
10 166 2697.480225
10 167 1910.428345
10 168 1752.101807
10 169 1256.731567
10 170 2101.319824
10 171 2486.285156
10 172 2992.068115
10 173 1713.138550
10 174 1579.879761
10 175 1754.407471
10 176 2419.740967
10 177 2057.625244
10 178 1612.576782
10 179 2317.232422
10 180 1554.322388
10 181 1609.837524
10 182 2567.444580
10 183 2353.286621
10 184 2929.914551
10 185 1812.686401
10 186 1531.164429
10 187 1522.470703
10 188 1648.153931
10 189 1270.109253
10 190 1612.013672
10 191 2034.086792
10 192 2988.131836
10 193 2269.989746
10 194 1729.968994
10 195 1985.102173
10 196 2978.123779
10 197 1068.412964
10 198 2607.441406
10 199 1446.498291
10 200 2224.039307
10 201 2459.219482
10 202 2467.589111
10 203 2010.273926
10 204 1741.641235
10 205 1780.959717
10 206 1674.301758
10 207 1480.124878
10 208 2951.673340
10 209 3119.065918
10 210 1517.838745
10 211 1807.971680
10 212 1732.399780
10 213 2445.539551
10 214 2055.941162
10 215 1921.541748
10 216 1953.253174
10 217 2726.461670
10 218 2517.392822
10 219 1040.152954
10 220 1547.134521
10 221 1950.423828
10 222 2427.125732
10 223 1212.537842
10 224 2399.501465
10 225 1721.841064
10 226 2511.153809
10 227 774.322815
10 228 1391.003418
10 229 1884.411865
10 230 2664.888184
10 231 2555.076172
10 232 2049.108398
10 233 1641.898682
10 234 2566.989746
10 235 1978.435425
10 236 1623.792847
10 237 2290.889648
10 238 2050.272217
10 239 1930.768555
10 240 2313.628906
10 241 2695.695557
10 242 1783.711670
10 243 2270.938477
10 244 2429.295898
10 245 2294.844971
10 246 1959.461060
10 247 1191.174316
10 248 1247.139404
10 249 3057.682617
10 250 3062.344482
10 251 3332.679688
10 252 3314.995117
10 253 1212.941040
10 254 3178.266602
10 255 1615.626343
10 256 3229.538574
10 257 2140.194824
10 258 1099.756226
10 259 2264.785889
10 260 1479.045044
10 261 1992.916260
10 262 2215.627197
10 263 2816.222900
10 264 1978.703369
10 265 3116.547363
10 266 2694.385010
10 267 1911.406738
10 268 2321.975342
10 269 2229.583252
10 270 1582.203369
10 271 2081.905518
10 272 2023.404541
10 273 1982.061035
10 274 2773.717285
10 275 2715.220215
10 276 2492.886963
10 277 1375.417603
10 278 2061.708008
10 279 1612.295166
10 280 2469.796387
10 281 2559.161377
10 282 1601.815063
10 283 2130.454590
10 284 2097.228271
10 285 2754.051270
10 286 1854.349731
10 287 1736.715576
10 288 2121.318115
10 289 3579.274658
10 290 2137.352783
10 291 2773.891602
10 292 2563.782227
10 293 1394.160889
10 294 2369.215332
10 295 2365.473389
10 296 1808.431641
10 297 2295.189697
10 298 1645.283813
10 299 2197.329102
10 300 1192.823486
10 301 3200.094482
10 302 1692.152832
10 303 3707.614502
10 304 2271.218750
10 305 1807.449707
10 306 2131.133301
10 307 2239.004150
10 308 1590.967529
10 309 2879.967041
10 310 2475.589600
10 311 2084.642090
10 312 2564.191406
10 313 2047.094482
10 314 2600.597656
10 315 2303.071289
10 316 2382.302979
10 317 1598.529419
10 318 1901.331909
10 319 1886.825562
10 320 1631.059692
10 321 1643.219116
10 322 2624.714111
10 323 5244.055664
10 324 1695.201416
10 325 1355.051880
10 326 2492.027344
10 327 1955.754028
10 328 2093.923828
10 329 2020.986328
10 330 2100.045654
10 331 2293.855713
10 332 825.949463
10 333 1158.427246
10 334 2120.646729
10 335 2660.099609
10 336 1925.679565
10 337 2632.475342
10 338 1702.534058
10 339 2501.001709
10 340 2340.077393
10 341 1993.210815
10 342 1818.438843
10 343 3012.879639
10 344 2123.606934
10 345 1853.939819
10 346 1580.849609
10 347 1030.264771
10 348 2241.369385
10 349 2561.261230
10 350 2069.597412
10 351 1584.765137
10 352 1867.386719
10 353 2134.341309
10 354 1647.571655
10 355 2131.861572
10 356 2132.299561
10 357 1832.456543
10 358 1939.584595
10 359 2451.460938
10 360 1550.646729
10 361 1496.864502
10 362 2980.666992
10 363 1776.284180
10 364 2183.569580
10 365 2630.392578
10 366 1594.421265
10 367 2531.049072
10 368 1608.210938
10 369 2042.205078
10 370 1801.834229
10 371 2298.659424
10 372 1892.519165
10 373 1648.395142
10 374 1723.217773
10 375 1334.870605
10 376 3057.479980
10 377 1625.786377
10 378 2018.630371
10 379 1017.450684
10 380 2630.650879
10 381 1158.657837
10 382 2267.746826
10 383 1548.077393
10 384 2751.489014
10 385 2927.352295
10 386 2499.979248
10 387 2020.675537
10 388 2571.788330
10 389 1304.740234
10 390 1231.996826
10 391 1802.712158
10 392 2550.260742
10 393 3030.813965
10 394 2092.402100
10 395 1477.301270
10 396 1365.735229
10 397 2661.365234
10 398 2619.304199
10 399 2149.875488
10 400 1586.253174
10 401 1474.008179
10 402 2027.179443
10 403 2897.461914
10 404 1519.190430
10 405 2802.830078
10 406 2104.910645
10 407 1625.181030
10 408 2270.935791
10 409 2437.523926
10 410 3064.948486
10 411 1355.415039
10 412 1684.570312
10 413 2515.620850
10 414 2625.990479
10 415 2207.970703
10 416 1484.081055
10 417 2151.520020
10 418 2832.614014
10 419 1947.483521
10 420 3138.848389
10 421 2157.969482
10 422 2889.653320
10 423 1571.039551
10 424 1534.873413
10 425 1993.858276
10 426 1765.563477
10 427 1972.039795
10 428 2676.447998
10 429 2351.324707
10 430 2618.009766
10 431 1950.637695
10 432 2673.230713
10 433 2132.706787
10 434 2068.566895
10 435 3044.590332
10 436 3340.058838
10 437 1948.664185
10 438 1189.337769
10 439 1793.502441
10 440 1514.892212
10 441 2252.699951
10 442 2557.103516
10 443 1855.931763
10 444 3254.321777
10 445 2496.802979
10 446 2294.895508
10 447 2249.460449
10 448 3114.649414
10 449 1326.907715
10 450 2032.873047
10 451 1233.715332
10 452 2250.714111
10 453 1889.373047
10 454 2319.336914
10 455 1501.391235
10 456 2564.090820
10 457 2343.318604
10 458 2212.100586
10 459 1255.557739
10 460 1556.824829
10 461 1650.480591
10 462 1971.780640
10 463 2617.572754
10 464 2716.327148
10 465 1954.739502
10 466 1340.438354
10 467 2844.722900
10 468 2369.306152
10 469 1401.770996
10 470 1305.149536
10 471 2363.313477
10 472 1773.250732
10 473 1967.483276
10 474 1983.036865
10 475 1733.491211
10 476 2567.999512
10 477 1884.159912
10 478 1662.600098
10 479 1722.549805
10 480 1667.619751
10 481 1584.205200
10 482 2869.820312
10 483 1999.852783
10 484 1903.976807
10 485 2488.836914
10 486 2646.174561
10 487 1584.503052
10 488 1264.570801
10 489 1258.103516
10 490 2464.035889
10 491 1900.356567
10 492 1448.454956
10 493 1896.958252
10 494 1860.891968
10 495 2582.251953
10 496 2134.553711
10 497 1290.799683
10 498 1453.282349
10 499 1726.483398
10 500 1816.230469
10 501 1698.617554
10 502 2303.979004
10 503 2317.108643
10 504 2033.751465
10 505 2578.447998
10 506 1624.827026
10 507 2078.671143
10 508 2206.851562
10 509 1743.113892
10 510 1371.251953
10 511 2022.430542
12 0 894.672485
12 1 627.126160
12 2 774.651001
12 3 845.833069
12 4 665.460205
12 5 1320.614868
12 6 580.032043
12 7 1323.029663
12 8 619.827148
12 9 1025.097168
12 10 624.404175
12 11 468.244537
12 12 805.139648
12 13 699.224915
12 14 530.539551
12 15 752.298340
12 16 753.408081
12 17 1011.466675
12 18 815.228821
12 19 639.099121
12 20 272.137177
12 21 548.800415
12 22 945.958496
12 23 1073.209229
12 24 896.945068
12 25 978.876465
12 26 649.830994
12 27 604.842346
12 28 933.243835
12 29 846.406372
12 30 848.181213
12 31 546.901733
12 32 1243.813232
12 33 765.733337
12 34 691.527283
12 35 1090.916504
12 36 682.532349
12 37 671.338013
12 38 747.191040
12 39 1213.359009
12 40 575.145996
12 41 1052.992798
12 42 664.085266
12 43 722.125244
12 44 726.003357
12 45 950.457520
12 46 651.630493
12 47 503.647858
12 48 930.851746
12 49 832.259521
12 50 540.801575
12 51 940.214539
12 52 679.255188
12 53 891.239807
12 54 725.663391
12 55 699.551147
12 56 821.158081
12 57 646.208618
12 58 801.158569
12 59 674.205017
12 60 672.473694
12 61 652.287537
12 62 983.186707
12 63 880.208435
12 64 1167.092041
12 65 727.523376
12 66 815.126648
12 67 568.591492
12 68 600.484680
12 69 1226.558472
12 70 979.200378
12 71 582.203369
12 72 949.906433
12 73 519.433777
12 74 777.620300
12 75 1043.614746
12 76 1109.732544
12 77 1467.723022
12 78 446.149078
12 79 1153.877441
12 80 854.292114
12 81 1152.846680
12 82 805.613037
12 83 690.433533
12 84 1253.957031
12 85 758.210022
12 86 1094.852539
12 87 885.737671
12 88 1030.333130
12 89 800.086304
12 90 708.114319
12 91 575.204468
12 92 821.872925
12 93 767.750244
12 94 691.731873
12 95 822.840332
12 96 782.276917
12 97 1148.690430
12 98 600.242981
12 99 1492.386841
12 100 906.413086
12 101 863.201050
12 102 684.875305
12 103 561.217102
12 104 699.535278
12 105 977.577637
12 106 631.484375
12 107 630.753967
12 108 790.111389
12 109 886.298523
12 110 1003.291931
12 111 772.523926
12 112 853.455383
12 113 511.901886
12 114 952.998413
12 115 763.814331
12 116 993.718445
12 117 899.012329
12 118 743.998352
12 119 829.387878
12 120 704.239258
12 121 569.700806
12 122 592.869690
12 123 775.579407
12 124 353.582153
12 125 777.316162
12 126 743.044495
12 127 893.025269
12 128 434.039490
12 129 598.710327
12 130 581.538269
12 131 709.574219
12 132 933.959900
12 133 391.873413
12 134 521.459290
12 135 728.121521
12 136 1018.912842
12 137 786.072388
12 138 831.225464
12 139 589.884521
12 140 523.470459
12 141 959.001587
12 142 577.057007
12 143 1420.418091
12 144 790.930542
12 145 654.302124
12 146 1366.082275
12 147 1405.412109
12 148 485.985107
12 149 805.360718
12 150 1106.514038
12 151 1095.134644
12 152 832.642883
12 153 801.419922
12 154 932.400696
12 155 697.414185
12 156 777.381470
12 157 563.222534
12 158 952.187500
12 159 1414.707031
12 160 568.083740
12 161 835.278748
12 162 651.878235
12 163 953.071533
12 164 344.397369
12 165 873.911072
12 166 503.436920
12 167 527.307617
12 168 712.478271
12 169 1121.728516
12 170 997.772583
12 171 910.378174
12 172 917.501709
12 173 620.512878
12 174 593.186462
12 175 651.981201
12 176 629.525879
12 177 861.648193
12 178 626.952759
12 179 678.851685
12 180 578.826233
12 181 587.181580
12 182 634.729675
12 183 914.836548
12 184 738.992737
12 185 762.212280
12 186 773.015137
12 187 924.526733
12 188 648.482605
12 189 746.695251
12 190 673.260437
12 191 616.863159
12 192 1109.934814
12 193 1114.691650
12 194 722.430298
12 195 715.976135
12 196 1052.879639
12 197 546.282104
12 198 808.720520
12 199 979.705383
12 200 1073.457031
12 201 439.277924
12 202 563.226807
12 203 1437.649536
12 204 558.136902
12 205 486.740601
12 206 394.960022
12 207 940.457825
12 208 449.989410
12 209 445.991516
12 210 396.090118
12 211 738.562134
12 212 597.565186
12 213 784.700745
12 214 457.270782
12 215 351.399811
12 216 804.953186
12 217 742.044678
12 218 573.708618
12 219 459.485413
12 220 903.382751
12 221 619.985291
12 222 785.070984
12 223 1253.510132
12 224 1007.310974
12 225 707.793457
12 226 1431.791992
12 227 897.110352
12 228 551.976624
12 229 457.390198
12 230 971.231445
12 231 641.241455
12 232 1081.323730
12 233 1019.270752
12 234 879.594055
12 235 749.881287
12 236 674.282959
12 237 713.242737
12 238 739.353455
12 239 704.159546
12 240 1121.152344
12 241 688.235596
12 242 455.991882
12 243 924.804871
12 244 585.397217
12 245 920.571594
12 246 939.771851
12 247 700.345886
12 248 1172.367554
12 249 986.045105
12 250 726.381226
12 251 1039.772339
12 252 780.896240
12 253 896.833008
12 254 1042.967896
12 255 712.440857
13 0 532.414734
13 1 525.665161
13 2 1735.813843
13 3 1456.073242
13 4 469.363220
13 5 2061.777588
13 6 562.835205
13 7 1520.622559
13 8 2732.626465
13 9 690.041077
13 10 945.069092
13 11 669.683777
13 12 1685.194702
13 13 2098.072021
13 14 1701.132935
13 15 731.048706
13 16 573.268372
13 17 1019.275085
13 18 507.665466
13 19 1817.276855
13 20 629.742188
13 21 1582.185059
13 22 2568.181152
13 23 1756.963013
13 24 512.530579
13 25 562.356201
13 26 1761.062256
13 27 1680.744629
13 28 534.238037
13 29 484.191986
13 30 2405.118408
13 31 619.075378
13 32 1286.983643
13 33 2205.099854
13 34 379.067566
13 35 567.925964
13 36 1055.248047
13 37 483.064331
13 38 1504.989014
13 39 814.214294
13 40 2082.213867
13 41 542.182251
13 42 1378.575439
13 43 1364.920776
13 44 2156.164551
13 45 669.923462
13 46 1793.395386
13 47 1869.057739
13 48 834.215820
13 49 1276.371216
13 50 1532.224731
13 51 1234.836304
13 52 1702.011230
13 53 1511.188110
13 54 653.856812
13 55 1464.818359
13 56 1294.775146
13 57 806.571106
13 58 1025.318848
13 59 668.412598
13 60 728.547424
13 61 667.820129
13 62 817.284851
13 63 1467.237183
13 64 1192.101807
13 65 1732.203491
13 66 730.430908
13 67 743.864197
13 68 590.936340
13 69 1082.964355
13 70 1151.325073
13 71 1451.221313
13 72 1605.757080
13 73 518.628418
13 74 1271.784912
13 75 701.686279
13 76 957.725342
13 77 522.995605
13 78 1728.297241
13 79 2052.925293
13 80 408.784027
13 81 499.108795
13 82 541.088135
13 83 733.417969
13 84 442.905579
13 85 698.515564
13 86 2162.000732
13 87 480.617462
13 88 1411.771729
13 89 1428.740112
13 90 1117.893799
13 91 711.550293
13 92 703.519043
13 93 730.875061
13 94 979.261230
13 95 801.834656
13 96 448.407349
13 97 479.773743
13 98 1573.419556
13 99 1702.047485
13 100 663.333130
13 101 926.834229
13 102 409.182159
13 103 709.801758
13 104 502.215240
13 105 402.177765
13 106 1233.333496
13 107 548.160034
13 108 472.603241
13 109 424.196930
13 110 1281.278687
13 111 653.174683
13 112 712.699158
13 113 1353.636353
13 114 927.882141
13 115 957.099304
13 116 1440.781006
13 117 723.569275
13 118 514.576294
13 119 530.543213
13 120 828.666382
13 121 557.212341
13 122 1751.256104
13 123 605.573853
13 124 573.557800
13 125 531.597900
13 126 1182.212158
13 127 1602.330078
13 128 939.942871
13 129 1635.707397
13 130 1637.280396
13 131 673.562866
13 132 1376.343384
13 133 1944.076050
13 134 589.875977
13 135 1414.663940
13 136 1011.727600
13 137 593.575073
13 138 798.269897
13 139 1051.010376
13 140 2233.972900
13 141 600.691711
13 142 506.648804
13 143 671.756226
13 144 688.442688
13 145 486.364594
13 146 639.742126
13 147 399.608093
13 148 1417.923096
13 149 582.832764
13 150 1170.850708
13 151 751.098999
13 152 1163.321411
13 153 1702.069214
13 154 800.223389
13 155 526.134155
13 156 1390.278442
13 157 1247.331665
13 158 1305.708740
13 159 982.919678
13 160 648.086060
13 161 986.014099
13 162 571.852722
13 163 510.566101
13 164 1511.340332
13 165 1869.061401
13 166 507.417419
13 167 525.016846
13 168 1649.056641
13 169 1694.765137
13 170 848.667480
13 171 1883.338989
13 172 530.414124
13 173 797.767456
13 174 568.014771
13 175 563.945068
13 176 1480.245850
13 177 622.348633
13 178 755.417297
13 179 539.392090
13 180 902.169189
13 181 553.032104
13 182 2252.382568
13 183 654.308350
13 184 948.198120
13 185 1311.686157
13 186 1766.104004
13 187 631.497742
13 188 599.196167
13 189 1682.407349
13 190 1884.024536
13 191 823.366211
13 192 544.880554
13 193 948.567261
13 194 2532.657715
13 195 1389.763794
13 196 824.353027
13 197 2271.282715
13 198 1637.285522
13 199 1576.330933
13 200 713.118042
13 201 555.213623
13 202 682.702148
13 203 1911.591064
13 204 435.105713
13 205 619.763062
13 206 2447.077637
13 207 1525.498291
13 208 634.512085
13 209 815.279968
13 210 508.211334
13 211 960.222290
13 212 942.573975
13 213 773.214661
13 214 503.430328
13 215 563.045288
13 216 589.716187
13 217 1113.101318
13 218 478.719269
13 219 441.593445
13 220 2042.145386
13 221 1135.594360
13 222 2059.857910
13 223 645.622559
13 224 423.837524
13 225 278.621002
13 226 2211.402100
13 227 1103.699341
13 228 580.494385
13 229 621.662048
13 230 1149.887695
13 231 480.783661
13 232 1164.927856
13 233 1065.873657
13 234 788.396179
13 235 703.109375
13 236 434.629822
13 237 650.897522
13 238 500.207336
13 239 393.197876
13 240 496.674652
13 241 1764.694702
13 242 1858.487915
13 243 330.147614
13 244 1763.437134
13 245 1809.704224
13 246 409.686279
13 247 1221.759766
13 248 1068.184570
13 249 1514.919678
13 250 1721.562988
13 251 1620.966675
13 252 1875.499023
13 253 1923.579102
13 254 940.820557
13 255 901.080383
13 256 2246.649902
13 257 464.679443
13 258 633.004333
13 259 1274.532227
13 260 1393.283691
13 261 605.193909
13 262 573.824707
13 263 998.639587
13 264 553.981506
13 265 1154.595093
13 266 1706.794922
13 267 1348.346191
13 268 1467.947144
13 269 2164.071289
13 270 873.403137
13 271 1129.725952
13 272 663.506836
13 273 1730.771851
13 274 465.009033
13 275 953.300354
13 276 1266.626953
13 277 347.329468
13 278 717.489624
13 279 463.076294
13 280 1474.869019
13 281 1082.334106
13 282 385.525940
13 283 720.972046
13 284 1445.177368
13 285 560.749695
13 286 789.491760
13 287 535.928711
13 288 682.609802
13 289 325.941956
13 290 1541.369751
13 291 539.951721
13 292 1697.858643
13 293 1147.741333
13 294 1544.448486
13 295 1273.984741
13 296 898.670105
13 297 1323.100586
13 298 1210.864746
13 299 474.440979
13 300 1383.246826
13 301 566.060120
13 302 1382.324341
13 303 2013.173340
13 304 1836.294434
13 305 318.749329
13 306 488.178406
13 307 544.373901
13 308 1256.304932
13 309 732.667175
13 310 1157.879395
13 311 514.644043
13 312 590.381836
13 313 643.684143
13 314 1397.569580
13 315 618.081238
13 316 1033.257812
13 317 1098.190674
13 318 871.004578
13 319 680.320007
13 320 1804.411499
13 321 548.997131
13 322 604.583435
13 323 1960.772827
13 324 1130.503540
13 325 2015.788574
13 326 1303.251831
13 327 974.985779
13 328 695.395081
13 329 1697.076416
13 330 980.728149
13 331 412.905518
13 332 712.718750
13 333 629.387512
13 334 547.053528
13 335 830.035950
13 336 627.028687
13 337 1683.296753
13 338 2399.758301
13 339 356.958618
13 340 2058.612305
13 341 1927.005127
13 342 526.309814
13 343 517.858765
13 344 1678.925049
13 345 1459.307495
13 346 1661.536377
13 347 1497.415161
13 348 1083.833008
13 349 1539.119507
13 350 1566.157227
13 351 510.687164
13 352 1889.953735
13 353 999.249939
13 354 1571.622559
13 355 699.110107
13 356 786.327087
13 357 1157.447388
13 358 429.467377
13 359 715.592102
13 360 695.592102
13 361 588.567078
13 362 1423.062744
13 363 397.981049
13 364 1224.136963
13 365 623.332397
13 366 427.094940
13 367 1268.764771
13 368 722.317444
13 369 1324.379272
13 370 404.277100
13 371 871.324158
13 372 755.456482
13 373 730.161621
13 374 582.560303
13 375 505.030975
13 376 971.634460
13 377 665.528137
13 378 824.401489
13 379 451.354401
13 380 2035.728516
13 381 563.515137
13 382 1365.557251
13 383 1573.022949
13 384 389.315186
13 385 1470.354980
13 386 1535.084351
13 387 624.057922
13 388 917.826294
13 389 1512.573853
13 390 485.077576
13 391 2000.690308
13 392 1515.570435
13 393 787.633911
13 394 589.221497
13 395 811.479004
13 396 841.152771
13 397 1152.443237
13 398 1250.913940
13 399 1780.408813
13 400 1184.416138
13 401 686.899170
13 402 829.931702
13 403 1901.984741
13 404 682.805725
13 405 421.844269
13 406 748.930725
13 407 418.804962
13 408 653.560181
13 409 1050.068604
13 410 2353.191162
13 411 583.048096
13 412 613.915771
13 413 1039.892212
13 414 436.730469
13 415 348.422791
13 416 1809.556152
13 417 1605.651855
13 418 998.247742
13 419 598.229492
13 420 570.949890
13 421 1105.235107
13 422 614.705017
13 423 515.875610
13 424 1819.674927
13 425 1937.492676
13 426 783.381287
13 427 421.943970
13 428 850.721558
13 429 745.509338
13 430 1220.674927
13 431 1175.654785
13 432 776.735718
13 433 949.167419
13 434 545.295044
13 435 826.586975
13 436 1380.375854
13 437 667.470276
13 438 482.509125
13 439 463.622864
13 440 1533.335571
13 441 2095.031250
13 442 504.111206
13 443 1843.890015
13 444 1515.118286
13 445 895.768066
13 446 1165.741943
13 447 776.344482
13 448 511.791565
13 449 427.833893
13 450 1583.983154
13 451 1795.468262
13 452 1154.755737
13 453 1895.438843
13 454 2065.920654
13 455 582.949646
13 456 959.426636
13 457 1389.012207
13 458 2182.277344
13 459 1244.061523
13 460 1994.127808
13 461 1979.507446
13 462 1086.495483
13 463 2027.568848
13 464 669.233093
13 465 1673.189453
13 466 765.970398
13 467 895.682434
13 468 484.709625
13 469 597.691528
13 470 507.619080
13 471 621.443848
13 472 945.061096
13 473 1169.299927
13 474 545.787598
13 475 1210.186035
13 476 588.376099
13 477 1141.679688
13 478 1108.890747
13 479 612.861877
13 480 1394.154419
13 481 2021.348022
13 482 1383.257202
13 483 1666.564453
13 484 427.452148
13 485 488.442566
13 486 1186.236572
13 487 576.783508
13 488 1611.306763
13 489 474.320496
13 490 485.373016
13 491 461.696075
13 492 1576.072510
13 493 1669.264893
13 494 716.150757
13 495 507.381378
13 496 1476.395752
13 497 1542.303223
13 498 2385.189941
13 499 1037.727417
13 500 2105.391113
13 501 549.678101
13 502 1629.722412
13 503 680.961609
13 504 628.914124
13 505 1994.548340
13 506 953.017456
13 507 631.407776
13 508 499.197845
13 509 572.349426
13 510 467.892548
13 511 1279.598022
14 0 545.027588
14 1 406.028320
14 2 1804.560547
14 3 958.262817
14 4 219.467514
14 5 500.197235
14 6 580.639648
14 7 669.370483
14 8 594.883362
14 9 605.746338
14 10 506.753815
14 11 466.426453
14 12 429.186584
14 13 427.731293
14 14 458.185364
14 15 541.890259
14 16 579.378357
14 17 593.444275
14 18 537.095032
14 19 449.645386
14 20 693.497375
14 21 546.937744
14 22 503.295654
14 23 551.583679
14 24 508.967316
14 25 495.306641
14 26 509.123901
14 27 474.942047
14 28 559.560608
14 29 428.635559
14 30 561.221985
14 31 566.468384
14 32 534.550476
14 33 471.732269
14 34 499.538483
14 35 510.532990
14 36 505.238312
14 37 471.382446
14 38 492.626099
14 39 654.115051
14 40 449.752533
14 41 499.668274
14 42 455.494476
14 43 607.756653
14 44 385.566132
14 45 511.965576
14 46 526.529236
14 47 508.368011
14 48 524.436218
14 49 542.680542
14 50 366.009918
14 51 508.800995
14 52 515.214905
14 53 516.214783
14 54 564.487244
14 55 548.041626
14 56 483.526184
14 57 546.427429
14 58 593.470032
14 59 464.518158
14 60 605.893005
14 61 552.524048
14 62 550.369690
14 63 509.977325
14 64 512.571106
14 65 489.340942
14 66 439.663574
14 67 1245.469849
14 68 2131.368164
14 69 190.747299
14 70 581.280823
14 71 686.453186
14 72 694.494568
14 73 606.544678
14 74 689.462952
14 75 707.003357
14 76 502.586090
14 77 489.541168
14 78 717.258911
14 79 577.636536
14 80 670.102295
14 81 689.783081
14 82 688.049622
14 83 679.476562
14 84 669.315735
14 85 831.897827
14 86 705.621887
14 87 716.470642
14 88 581.435913
14 89 470.772034
14 90 638.705811
14 91 649.092407
14 92 635.184204
14 93 630.514038
14 94 626.181335
14 95 596.949341
14 96 612.589600
14 97 655.596863
14 98 481.854065
14 99 621.946411
14 100 618.746765
14 101 594.300964
14 102 783.840149
14 103 776.949890
14 104 675.677002
14 105 658.270203
14 106 620.823730
14 107 580.306763
14 108 695.743530
14 109 651.721924
14 110 705.370483
14 111 616.379639
14 112 710.954041
14 113 726.146240
14 114 666.107483
14 115 553.818909
14 116 626.105469
14 117 549.212708
14 118 435.075836
14 119 687.464233
14 120 560.333679
14 121 456.783752
14 122 514.261108
14 123 870.556702
14 124 804.754028
14 125 540.154907
14 126 619.124329
14 127 601.325012
14 128 637.177246
14 129 730.564636
14 130 1105.580811
14 131 1669.559448
14 132 3394.941895
14 133 3383.045410
14 134 534.334534
14 135 1480.770630
14 136 1627.769775
14 137 1727.646484
14 138 1322.043457
14 139 1195.971436
14 140 1473.615723
14 141 1100.095337
14 142 1178.789185
14 143 1729.817139
14 144 1392.399292
14 145 1295.708740
14 146 1312.664307
14 147 1283.301758
14 148 1234.859497
14 149 1492.675659
14 150 1661.993042
14 151 1324.786133
14 152 1538.265991
14 153 1735.598511
14 154 670.788452
14 155 1927.351318
14 156 1573.611572
14 157 1205.178589
14 158 1450.835449
14 159 1285.992676
14 160 1079.620117
14 161 1780.252197
14 162 1895.568481
14 163 1467.066650
14 164 1970.360718
14 165 1535.171387
14 166 1465.733154
14 167 1375.826904
14 168 1336.056152
14 169 1159.500244
14 170 1355.670898
14 171 1068.751831
14 172 836.555603
14 173 1659.461182
14 174 1630.553711
14 175 1742.304688
14 176 1255.571289
14 177 1449.765015
14 178 1843.773560
14 179 1673.997437
14 180 1204.186890
14 181 1067.286987
14 182 1219.043823
14 183 959.943298
14 184 1481.453735
14 185 1062.891235
14 186 1412.882202
14 187 1881.088623
14 188 1525.535645
14 189 1639.258301
14 190 1203.664551
14 191 1508.387329
14 192 1232.698730
14 193 1414.305176
14 194 1408.455444
17 0 178.727020
17 1 255.578186
17 2 371.633911
17 3 289.731628
17 4 217.878098
17 5 364.696411
17 6 390.512634
17 7 846.896729
17 8 269.970428
17 9 143.271851
17 10 151.759109
17 11 167.742065
17 12 148.536667
17 13 160.269424
17 14 465.802155
17 15 402.079102
17 16 187.657928
17 17 268.094666
17 18 153.292160
17 19 644.757690
17 20 311.708374
17 21 358.156921
17 22 163.310959
17 23 293.615723
17 24 398.891724
17 25 219.029160
17 26 187.207550
17 27 159.608124
17 28 312.169586
17 29 646.963257
17 30 140.188187
17 31 122.322090
17 32 376.777069
17 33 168.483765
17 34 198.119354
17 35 169.191772
17 36 451.679749
17 37 328.558441
17 38 143.475250
17 39 537.161865
17 40 340.439362
17 41 212.537323
17 42 534.154175
17 43 506.297852
17 44 237.607468
17 45 336.264832
17 46 287.437103
17 47 185.935242
17 48 371.475311
17 49 212.264755
17 50 166.923355
17 51 194.902786
17 52 322.905121
17 53 510.675323
17 54 532.446899
17 55 435.667847
17 56 178.782028
17 57 134.927109
17 58 174.268417
17 59 358.506897
17 60 216.830109
17 61 347.763611
17 62 444.968201
17 63 121.565605
17 64 252.951630
17 65 182.544861
17 66 403.796600
17 67 316.883392
17 68 639.426270
17 69 483.940308
17 70 316.283386
17 71 323.484711
17 72 476.614044
17 73 357.011444
17 74 379.919281
17 75 405.386383
17 76 537.529175
17 77 446.077179
17 78 614.342529
17 79 189.299866
17 80 209.826965
17 81 456.248718
17 82 174.617523
17 83 422.686371
17 84 441.270660
17 85 234.382767
17 86 224.939911
17 87 199.086197
17 88 482.493744
17 89 518.947205
17 90 174.198654
17 91 597.611450
17 92 517.445068
17 93 182.774323
17 94 283.119843
17 95 174.438019
17 96 353.634430
17 97 159.179352
17 98 193.058334
17 99 302.707245
17 100 151.874680
17 101 408.388702
17 102 148.174347
17 103 373.952423
17 104 522.132019
17 105 384.749664
17 106 259.449219
17 107 144.876953
17 108 163.448547
17 109 340.621246
17 110 150.989487
17 111 223.020172
17 112 372.383606
17 113 180.602158
17 114 645.554138
17 115 468.472046
17 116 181.485001
17 117 154.924210
17 118 445.539551
17 119 116.065483
17 120 595.343018
17 121 530.676270
17 122 206.290161
17 123 371.571014
17 124 302.762085
17 125 205.728775
17 126 392.503967
17 127 491.243927
20 0 472.680969
20 1 443.905548
20 2 523.479248
20 3 457.429657
20 4 194.783752
20 5 648.529541
20 6 546.306519
20 7 566.354553
20 8 798.244690
20 9 528.141296
20 10 611.341858
20 11 1010.722412
20 12 1179.134277
20 13 632.534302
20 14 744.563904
20 15 1033.766479
20 16 793.572266
20 17 817.990784
20 18 890.370972
20 19 710.547424
20 20 821.040833
20 21 773.755432
20 22 853.705444
20 23 738.852722
20 24 1137.737915
20 25 488.223114
20 26 495.704956
20 27 832.412903
20 28 572.109131
20 29 829.857849
20 30 1049.271973
20 31 533.211609
20 32 677.691956
20 33 946.778320
20 34 522.326111
20 35 619.457275
20 36 764.853516
20 37 531.642029
20 38 502.218628
20 39 520.670715
20 40 695.712280
20 41 843.624512
20 42 1165.582520
20 43 531.287537
20 44 650.975037
20 45 730.366638
20 46 999.691833
20 47 1077.657593
20 48 484.447601
20 49 544.872131
20 50 651.795837
20 51 1195.397583
20 52 673.189819
20 53 1139.857666
20 54 673.071899
20 55 662.160767
20 56 623.026123
20 57 578.570312
20 58 540.098083
20 59 544.951721
20 60 1036.421753
20 61 670.510620
20 62 650.572571
20 63 576.281067
20 64 424.858643
20 65 385.711792
20 66 522.206543
20 67 759.924133
20 68 767.507751
20 69 180.386047
20 70 536.626526
20 71 382.561493
20 72 377.096069
20 73 448.819458
20 74 353.397156
20 75 443.536377
20 76 384.688080
20 77 527.599548
20 78 345.154541
20 79 471.538452
20 80 432.299225
20 81 404.197052
20 82 509.840149
20 83 566.263489
20 84 429.532867
20 85 456.495483
20 86 472.809326
20 87 486.738129
20 88 394.931610
20 89 576.294250
20 90 371.678192
20 91 327.243561
20 92 513.527466
20 93 447.409943
20 94 465.205078
20 95 511.650940
20 96 430.683197
20 97 375.713562
20 98 528.278625
20 99 384.743439
20 100 403.700226
20 101 526.984009
20 102 401.669403
20 103 372.333740
20 104 476.598053
20 105 404.684387
20 106 449.515411
20 107 451.063873
20 108 409.617798
20 109 452.572601
20 110 548.760315
20 111 582.217712
20 112 608.116089
20 113 411.538208
20 114 361.179810
20 115 518.442139
20 116 554.745361
20 117 485.197205
20 118 587.434998
20 119 417.716034
20 120 314.231659
20 121 364.261566
20 122 314.961365
20 123 332.507355
20 124 361.076416
20 125 443.553589
20 126 527.775757
20 127 324.702850
20 128 460.451660
20 129 406.067810
20 130 403.980042
20 131 426.591797
20 132 1035.970459
20 133 1038.136719
20 134 214.118546
20 135 412.906433
20 136 319.996399
20 137 389.800415
20 138 372.580536
20 139 336.024719
20 140 323.618164
20 141 317.032318
20 142 344.234375
20 143 301.470154
20 144 333.216553
20 145 345.867981
20 146 270.815521
20 147 369.416473
20 148 336.242340
20 149 356.341705
20 150 365.838348
20 151 391.493103
20 152 300.439636
20 153 313.047455
20 154 377.303406
20 155 244.816772
20 156 330.705872
20 157 325.215118
20 158 280.065521
20 159 411.274506
20 160 393.667847
20 161 331.255280
20 162 307.437683
20 163 325.804504
20 164 344.303558
20 165 306.938110
20 166 385.845673
20 167 370.834198
20 168 315.650360
20 169 411.421967
20 170 339.233856
20 171 381.258514
20 172 405.309113
20 173 385.844238
20 174 336.945251
20 175 300.459595
20 176 366.824219
20 177 385.051758
20 178 421.858704
20 179 318.294128
20 180 330.604675
20 181 327.909515
20 182 382.374756
20 183 376.646393
20 184 404.451202
20 185 437.164825
20 186 339.511017
20 187 292.323639
20 188 333.319366
20 189 370.680237
20 190 392.586151
20 191 386.025116
20 192 292.246552
20 193 325.683533
20 194 289.634155
