-0.017495
-0.023888
0.071576
-0.025572
-0.140069
0.008927
0.072364
-0.033596
0.016025
-0.005431
-0.071777
-0.003450
0.011191
-0.094557
-0.009032
0.095451
0.004721
0.092149
-0.003657
-0.045347
0.056132
-0.020712
-0.026952
0.018166
-0.017453
0.020580
0.009432
0.084608
0.096414
-0.022924
0.099734
0.021250
-0.018394
0.032638
-0.001111
-0.059881
-0.020138
-0.016968
-0.016233
-0.049501
-0.086071
-0.062471
0.036231
-0.013881
-0.018770
-0.007242
-0.031300
0.045011
-0.063130
-0.121478
-0.019658
-0.032015
-0.080822
-0.003860
-0.030998
0.042149
0.035634
-0.096826
-0.195235
-0.073664
0.014957
-0.024884
0.064675
0.003498
-0.114946
-0.038877
-0.008554
-0.226397
-0.067087
0.029849
-0.082548
0.027378
-0.014262
-0.040099
0.057725
-0.101609
-0.100611
-0.075410
0.043856
-0.026925
0.047965
0.005948
0.006314
0.008741
0.013535
-0.025500
-0.016048
0.000362
0.024305
0.025908
0.066383
0.033093
0.075945
-0.054966
-0.236749
-0.078213
0.095645
-0.097912
-0.058424
-0.026149
-0.183447
-0.120772
-0.018877
-0.178079
-0.072363
-0.039921
0.002290
0.054633
-0.043942
0.053248
-0.067784
-0.031108
0.002653
-0.027071
0.053909
0.123078
0.058430
-0.061398
-0.012851
0.029007
-0.105423
-0.098642
0.018640
-0.065414
0.006725
0.048006
-0.053599
-0.124720
0.005865
-0.156851
-0.317462
-0.038480
-0.000423
-0.125109
0.072086
0.058855
0.016248
0.066249
0.031946
0.022241
0.019346
-0.014804
-0.004811
-0.015109
0.062230
0.075717
0.002326
-0.012230
-0.021488
-0.022074
-0.024730
-0.013573
-0.014925
0.159535
0.066465
0.017064
0.076779
-0.072005
-0.063654
-0.035634
-0.087527
-0.095342
-0.113727
-0.075229
-0.035899
-0.043151
-0.009033
0.025120
-0.017657
0.038263
0.060040
0.133016
0.125604
0.073850
0.049813
-0.014732
-0.019004
-0.065804
-0.049554
-0.030821
-0.063699
-0.085183
-0.091281
-0.058598
0.005459
-0.005968
0.072297
0.080398
0.044784
0.040611
-0.003632
0.033953
0.032034
0.027637
0.005936
0.054723
0.039400
0.018572
-0.054384
-0.114688
-0.111993
-0.122475
-0.206003
-0.090999
-0.049101
-0.033406
0.042600
-0.020502
-0.003398
0.021142
-0.031950
0.019897
0.030612
0.011904
0.079698
0.037047
-0.114314
-0.170112
0.010002
-0.157229
-0.149497
0.041575
-0.078955
-0.076581
0.092782
0.039013
-0.003092
0.017344
0.012084
-0.028882
0.021917
0.010860
0.002394
-0.000608
0.045555
0.004678
-0.024022
0.029255
-0.064366
-0.020437
-0.030982
-0.066259
-0.019687
0.077245
0.110385
0.058565
0.040047
0.066569
-0.028032
0.063482
0.081287
-0.002644
-0.000309
0.007572
0.017850
0.021385
-0.017151
-0.049145
-0.036772
-0.078324
-0.066014
0.019351
-0.066496
-0.062493
-0.008904
-0.065659
0.007856
-0.020898
-0.031738
0.019461
0.003675
-0.043334
-0.051696
-0.100772
-0.134914
-0.048657
-0.098019
-0.022876
-0.039932
0.071676
0.069499
0.053825
-0.009846
-0.017059
0.010018
0.010915
-0.002779
-0.032435
-0.029570
0.000847
0.133306
-0.065764
-0.108873
0.085728
-0.031885
-0.117832
0.055280
0.034172
-0.003345
0.036927
0.037281
-0.029477
0.037816
0.067534
-0.071015
-0.026819
-0.070476
-0.004088
0.145982
-0.060749
-0.042543
0.084556
-0.011538
-0.026675
0.133943
-0.028801
-0.007786
0.132176
-0.065322
-0.076495
0.037927
-0.075713
-0.073197
0.024550
0.015998
0.010472
0.066431
0.009324
0.007093
0.038348
0.061434
0.042699
0.070523
-0.059337
0.006527
0.090099
-0.046713
-0.023761
-0.008262
-0.002851
0.024190
0.023567
0.035935
0.007425
0.002167
-0.140740
-0.184064
-0.072242
0.019365
-0.098819
-0.030778
-0.080470
-0.066599
0.000550
-0.062552
-0.088092
0.022298
-0.031932
-0.056130
0.026138
0.031819
0.070794
-0.118375
0.066738
0.145452
-0.033776
-0.027935
0.065735
-0.124026
-0.083374
-0.064601
-0.012161
-0.051144
-0.042951
-0.007292
-0.031366
-0.070546
-0.057927
-0.067924
0.050387
0.013675
-0.162268
-0.052922
0.095905
-0.032930
-0.028013
0.100699
-0.059229
-0.124860
0.021319
-0.106311
-0.152255
-0.035166
-0.010178
-0.073561
0.015385
-0.094781
-0.011948
0.189944
-0.123274
-0.112875
0.049735
-0.018530
-0.057298
0.085444
0.024162
-0.020752
0.065913
-0.094245
-0.170464
0.051474
-0.019097
-0.076527
0.045405
-0.036771
0.075345
0.055365
-0.132765
-0.149495
0.034014
-0.067307
-0.099486
-0.048228
-0.017332
-0.011385
-0.006508
-0.039195
-0.082537
-0.011976
-0.060651
-0.081198
-0.019834
-0.043842
-0.231601
-0.077193
-0.014032
-0.087093
0.030176
0.030352
0.067157
-0.057246
0.058984
-0.074040
-0.104442
-0.000897
-0.058355
-0.017081
-0.009575
0.027338
0.125984
-0.019148
-0.141457
-0.087472
0.047385
-0.007190
0.027283
-0.006504
0.148669
0.034113
-0.036213
-0.082004
-0.056831
0.035436
-0.039600
-0.011377
0.094048
0.089019
0.006689
-0.007552
-0.032349
-0.006450
-0.044037
-0.079203
0.008507
0.047205
0.075240
0.050203
-0.065333
-0.166243
-0.041809
0.002167
0.033156
0.079875
0.085045
0.113597
0.066069
-0.034964
-0.113561
-0.063553
0.015662
-0.059940
-0.004129
0.035923
0.049227
0.048146
-0.004745
-0.301724
-0.173700
-0.064345
-0.253444
-0.109219
-0.091540
0.008407
0.025016
-0.007724
0.083087
0.014341
-0.003985
0.054512
-0.042436
0.004172
-0.070359
-0.023727
-0.015969
-0.026778
-0.024348
0.000432
-0.013970
-0.026250
0.027122
-0.019769
-0.003453
-0.074604
-0.120744
-0.047637
-0.002174
0.031367
0.111599
0.021446
0.059443
-0.076914
0.014160
-0.012854
0.041941
0.045971
0.032113
0.061501
0.007805
0.094387
0.011271
-0.172541
-0.201953
-0.168189
-0.095889
-0.094729
-0.009194
0.240432
0.231652
0.179030
-0.084280
-0.158001
-0.128835
-0.024018
0.041122
0.143166
0.040254
0.099254
0.026893
0.008499
-0.073350
-0.022555
-0.012112
-0.023380
0.043647
-0.011475
0.007904
-0.004497
0.027841
0.009625
-0.009891
0.019433
-0.031722
0.031982
0.034169
0.018954
0.019267
0.002242
0.024972
-0.000685
-0.063303
-0.014614
0.028319
-0.070489
-0.031358
0.014376
0.019619
0.011034
-0.011690
-0.095411
-0.094849
-0.026426
-0.032568
-0.058377
0.016158
-0.032953
-0.073125
-0.045496
0.058800
0.063172
-0.001952
0.002866
-0.018798
-0.036183
-0.055156
-0.045587
-0.041461
0.036593
0.101302
0.015306
-0.006811
0.100675
0.077956
-0.046868
-0.063389
-0.046217
-0.055935
-0.049027
-0.023880
0.015796
-0.052992
-0.039654
-0.018916
-0.019015
0.028490
0.011505
-0.044026
-0.016864
-0.002503
0.006546
0.022982
0.038159
0.049832
0.021974
0.045533
0.067340
0.075515
0.049483
0.026279
0.049082
-0.015176
-0.055992
-0.007421
0.038762
-0.010195
-0.100277
0.006203
0.085320
-0.048339
0.009314
0.063366
0.089220
-0.042353
-0.056860
-0.013369
0.041250
-0.051014
-0.058077
0.053861
0.052692
0.035862
0.078760
0.049807
0.071699
0.049240
0.084353
0.067973
0.057123
-0.042801
0.002560
0.055228
-0.037716
-0.085219
-0.016861
-0.001152
-0.024225
-0.048298
-0.217307
-0.163490
-0.008376
-0.162571
-0.042892
0.006031
-0.028384
0.032409
-0.086032
-0.075591
-0.062544
0.003300
0.111005
0.024244
-0.083081
0.072327
0.071976
-0.067993
0.020686
-0.031224
-0.012666
0.141197
0.131466
-0.018970
0.107964
0.111580
-0.013435
-0.027902
-0.007043
0.026735
-0.052237
0.024190
0.016176
-0.044684
-0.016857
-0.005549
0.003290
0.002326
0.050329
0.059964
0.055101
-0.013388
-0.001075
0.017772
0.046741
0.000485
-0.107249
0.007239
0.009545
-0.073395
-0.019848
-0.035067
-0.003056
0.061567
0.012840
-0.107203
0.085232
0.061373
-0.035555
-0.087263
-0.053132
-0.036366
-0.024680
-0.055543
0.110841
-0.099853
-0.140189
0.069943
0.057818
0.007778
-0.005738
-0.049268
-0.178017
0.103461
-0.079034
-0.179855
0.077510
0.123015
0.126947
0.077754
0.118708
0.129329
0.008886
0.013005
0.053575
-0.018423
-0.041362
-0.025491
-0.091956
0.022225
0.024941
-0.023635
0.016207
0.001167
0.002777
0.021530
0.012921
0.006123
-0.010693
-0.013262
-0.011538
0.015201
-0.003990
-0.005280
0.027857
0.051700
0.042068
0.003493
0.045552
0.043074
-0.030628
-0.010349
0.008642
0.026029
0.008007
0.021162
0.042835
0.488026
-0.149240
0.056968
0.393802
-0.127015
-0.141704
-0.131667
-0.240302
-0.076269
-0.067138
-0.033689
-0.041897
-0.028350
-0.043910
-0.026614
0.018887
0.007340
-0.144744
-0.103181
0.031363
-0.019840
0.105227
0.066952
-0.026695
0.012044
-0.071346
-0.031459
0.079643
0.010723
-0.081452
-0.012391
-0.026748
-0.028487
-0.031273
-0.013113
-0.090795
-0.508361
0.344415
-0.060576
-0.366221
0.233181
0.228432
0.107201
0.042717
0.188267
-0.032618
-0.027546
0.055917
-0.200794
-0.074851
0.018661
0.021083
0.102406
0.000876
0.099061
-0.075733
-0.015328
0.063988
-0.052555
0.012024
-0.028448
-0.020191
-0.078085
-0.127700
0.006734
-0.033645
-0.062728
0.019904
-0.003274
0.014442
0.075516
0.002122
0.024835
0.002215
-0.003746
0.002800
0.000642
0.011248
-0.008986
-0.002410
0.038597
0.069285
-0.013720
0.019841
0.032197
0.004688
-0.017628
0.002360
-0.007095
-0.017641
-0.020121
0.031534
-0.021922
0.025291
0.038305
-0.024196
0.019312
0.019751
-0.038568
0.015358
-0.035668
-0.008394
0.047397
0.044101
-0.037206
0.004860
0.029120
0.009976
-0.004478
-0.007867
-0.001829
-0.007329
0.006973
0.003504
0.006292
-0.003805
0.006375
-0.004604
0.007145
0.004567
0.000769
0.022086
-0.004943
0.003284
0.014715
-0.014220
-0.004479
-0.010154
-0.009846
0.016558
0.025874
-0.014438
-0.002081
-0.014437
-0.012923
0.007043
0.023868
-0.011595
0.004479
0.019686
-0.007548
-0.004936
0.008599
-0.073144
-0.134819
-0.018135
-0.041342
-0.152128
-0.028158
0.030096
-0.065610
-0.011473
0.004699
0.009978
0.005351
-0.011694
0.002906
-0.002432
-0.004100
-0.022567
-0.018925
0.028301
0.047205
-0.034006
0.025531
0.023127
-0.026893
-0.005739
-0.015054
-0.035714
0.005931
-0.041433
-0.067532
0.029933
-0.008768
0.003416
0.004694
0.010274
-0.009061
0.008854
0.134054
-0.059090
0.001589
0.236284
0.056324
-0.095165
0.069208
-0.015179
-0.047622
-0.022278
0.025603
-0.065864
0.011548
0.079793
-0.020800
0.013433
0.047948
-0.033720
-0.053103
-0.036503
0.001149
-0.033397
-0.035505
0.020293
0.021178
-0.005331
0.013079
0.059756
0.015003
0.002704
0.045550
0.019221
-0.006559
-0.005736
-0.016347
-0.222213
-0.367298
-0.279513
-0.192920
-0.408254
-0.287499
-0.019165
-0.074529
-0.086126
-0.179652
0.011095
-0.059682
-0.070057
0.058974
0.018961
0.056834
0.143332
0.142400
0.136060
0.050254
-0.002084
0.042196
-0.032144
-0.074223
-0.047284
-0.096198
-0.047905
-0.136475
-0.031247
0.024491
-0.180209
-0.038956
0.006870
-0.035522
0.048805
0.132796
0.016368
0.049874
0.056543
0.026966
-0.053980
-0.002396
-0.008756
0.014086
0.085009
-0.057699
-0.023412
0.002035
-0.011311
-0.017735
-0.006206
-0.014076
-0.002314
0.007614
-0.007840
0.075241
-0.010638
0.026107
-0.008097
-0.033295
0.091682
0.123864
0.103830
0.083271
0.078578
-0.029073
-0.012941
-0.096605
-0.162846
-0.024629
-0.127635
-0.026507
-0.027418
0.009047
0.006606
-0.026871
0.080037
0.072701
-0.040229
0.028892
0.062828
-0.096486
-0.031478
-0.001017
-0.044107
0.021087
0.079213
0.058404
0.109180
0.119840
-0.047340
-0.082672
-0.022536
-0.037490
-0.107111
-0.143471
-0.000165
0.053465
0.074567
0.029329
0.021552
0.100482
-0.058116
-0.036237
-0.035461
-0.010933
-0.035606
0.042057
-0.146777
-0.063172
-0.101575
0.071500
0.007201
0.007771
0.103294
0.191152
0.221791
0.108255
0.048510
0.116476
0.040041
-0.023233
-0.063339
-0.024474
-0.028587
-0.014991
0.051928
-0.064834
-0.039712
-0.057612
-0.088194
-0.067261
0.084827
-0.005487
0.075331
-0.086133
-0.009982
0.026535
-0.120580
-0.015841
0.045389
0.031467
0.099023
0.149359
0.007169
0.052924
-0.005628
-0.098428
-0.140995
-0.028367
-0.159405
0.015036
0.111485
-0.007072
0.017456
0.037863
0.022838
-0.043173
-0.025745
-0.032355
-0.108901
0.058378
0.229367
0.024565
-0.005962
0.089802
-0.162542
-0.036634
-0.042014
-0.113131
0.025683
-0.024286
0.017843
-0.053202
0.025065
0.014251
-0.065901
0.012389
-0.024281
-0.059179
0.120724
0.000798
0.077429
0.076107
-0.084450
-0.072815
0.014067
-0.069849
0.044416
0.223037
-0.056681
-0.039500
0.161150
-0.210808
-0.084498
0.029485
-0.175000
0.037858
0.035836
-0.063722
-0.104737
0.131408
-0.020673
-0.166431
0.162803
-0.125330
-0.067680
0.092384
0.230197
0.019594
0.169858
-0.002181
-0.063073
-0.032856
-0.125408
0.005872
0.063011
-0.096624
-0.006379
0.037396
-0.042715
0.024310
0.007251
-0.047497
0.037191
-0.021527
-0.076425
-0.019272
-0.063649
-0.051319
-0.040109
-0.035085
-0.044163
-0.056790
0.037008
0.014502
-0.020990
-0.004305
-0.133467
-0.028439
-0.077945
-0.114688
0.034772
0.033618
-0.246829
-0.099418
-0.082926
-0.287081
0.001993
-0.011347
-0.047985
0.115239
0.125357
0.065328
0.007444
0.108488
-0.083501
-0.062617
-0.066357
-0.064543
-0.019796
0.064940
-0.034107
0.032687
0.069648
-0.159171
-0.003578
-0.029878
-0.079344
0.066169
0.049370
-0.050155
0.000067
0.105433
-0.135456
-0.019670
0.011470
-0.116561
0.080416
0.040730
0.005865
0.004892
-0.015766
-0.037183
0.014799
-0.045574
-0.032841
0.009898
0.036705
-0.029861
-0.001610
0.026228
0.053974
-0.042072
0.013972
0.024721
-0.000184
-0.034926
0.033483
-0.035025
0.069150
0.289471
0.026726
-0.074770
0.044820
-0.071590
-0.152077
-0.147268
-0.164610
-0.201840
-0.356546
-0.212119
-0.039949
-0.171543
-0.104492
-0.004178
-0.036900
-0.012506
-0.050569
-0.165101
-0.079243
0.015547
-0.051444
0.020103
0.055040
-0.021337
-0.006245
0.079613
0.097121
0.080625
0.059477
0.068494
0.030716
-0.018209
0.083321
0.035504
0.053010
0.124106
0.098725
0.033029
0.108695
0.041872
-0.018728
-0.017820
-0.043309
-0.024626
-0.063179
-0.037514
-0.002935
-0.012723
0.000844
0.009038
-0.047046
0.001535
-0.050915
-0.062360
0.029538
0.034194
-0.012098
0.032073
-0.150895
-0.111748
-0.214706
-0.066158
0.405476
0.209452
-0.118074
-0.020589
-0.053952
-0.010641
0.005960
-0.013985
-0.070798
-0.054232
-0.059904
-0.058343
-0.036043
-0.082339
-0.010209
0.009567
0.029916
0.012309
-0.015967
0.061392
0.061901
0.080857
0.123239
0.031702
0.095311
0.085064
-0.022749
0.041965
0.063777
0.011836
-0.005827
0.006267
0.033376
0.034645
0.076110
0.054403
-0.180468
-0.033939
0.083479
-0.019317
0.051891
-0.011703
-0.045863
-0.072740
-0.014975
-0.187367
-0.185550
-0.039208
-0.156019
-0.198905
0.028103
0.018954
-0.018298
-0.013998
0.058461
0.006053
0.000121
0.039381
-0.004073
-0.033531
-0.070219
-0.048818
-0.066067
-0.079517
-0.078759
0.007210
0.016793
-0.060080
0.025009
0.037974
-0.033169
0.074268
0.060225
-0.012698
0.031120
0.074676
-0.050267
0.028822
0.026890
0.001185
0.003393
0.008037
-0.023687
-0.025625
-0.013458
-0.002325
0.034075
0.006033
0.015307
-0.004549
0.012879
0.012045
-0.022640
0.006110
-0.025784
0.011299
-0.003617
0.025487
-0.067720
-0.043787
0.005219
-0.021118
-0.055686
-0.012048
0.013135
0.025943
0.047719
0.046103
0.093930
0.073616
0.048937
0.104422
0.145692
0.124076
0.162568
0.144494
0.108005
0.200932
0.120854
0.076902
0.081403
0.110050
-0.022294
-0.035318
0.004629
-0.012717
-0.031262
-0.005844
-0.003131
0.029875
0.080378
0.028069
0.039827
-0.031281
0.019901
0.059967
0.045493
0.038445
0.029278
0.035971
-0.054406
-0.018265
0.046421
-0.087533
-0.063168
0.086381
-0.073009
-0.000484
0.133072
-0.005369
0.022588
-0.004618
-0.017152
0.026998
0.000923
-0.038233
-0.031409
-0.004899
0.001279
0.024669
0.032500
-0.011229
0.037109
-0.006155
0.048443
0.068359
0.000087
0.025595
0.039594
0.010625
0.043076
0.039434
0.036714
-0.030557
-0.064593
-0.015324
0.045275
0.025654
0.023547
-0.080912
-0.068691
0.044585
0.028565
-0.043357
0.068975
-0.018433
-0.021641
0.041373
-0.010787
-0.050049
0.001928
-0.018922
-0.056282
0.010442
0.021562
0.029978
-0.007751
0.012581
0.051384
0.003009
0.013577
0.039187
0.044508
-0.035138
-0.031263
-0.026394
-0.045400
-0.020414
-0.028711
-0.036575
-0.055013
0.004475
0.028436
-0.027514
-0.010213
-0.014496
0.026523
0.013543
-0.030894
0.036058
0.020407
0.022495
0.048757
0.063243
-0.218288
-0.106598
0.026903
-0.219932
-0.039808
0.036700
-0.069478
-0.036975
-0.059097
0.072713
0.031775
-0.023277
0.159504
0.167417
-0.061022
-0.061612
-0.102310
-0.078094
0.035176
-0.016244
-0.053465
0.103083
0.026163
-0.036307
0.016060
0.057019
-0.009691
-0.016442
-0.009764
-0.039847
0.024017
-0.014196
0.005375
0.065143
0.042956
-0.016705
-0.003294
0.006928
0.000059
0.039773
0.008309
0.047208
-0.010599
-0.009505
0.008287
0.013017
-0.009446
0.023854
0.052685
0.053101
0.041211
-0.010048
0.027722
0.006366
-0.000132
-0.061549
0.032898
0.092768
-0.008091
-0.030874
0.034853
0.037642
-0.023411
-0.076369
-0.030048
0.017628
-0.076747
-0.148580
-0.028192
0.037445
-0.003486
0.001907
0.020618
0.033259
0.015782
0.060785
0.032347
0.047855
0.003710
0.040321
0.077225
0.070099
0.040689
-0.000352
0.035980
-0.127883
-0.097421
0.036700
0.042264
0.016058
-0.038029
-0.104270
0.026889
0.042217
0.079623
0.059078
-0.071407
-0.137368
-0.050807
0.006163
-0.030649
0.022581
0.141011
0.160723
0.050170
0.017834
-0.003231
-0.138694
0.025156
0.067014
-0.116700
0.034403
0.319736
-0.011872
-0.023884
-0.007145
-0.069545
-0.065477
-0.065739
0.006214
-0.033903
-0.063416
-0.018317
-0.072822
-0.073007
-0.065471
0.030472
0.008226
-0.015823
-0.044724
0.003409
0.019881
0.039288
0.022510
-0.015515
0.053846
0.027472
-0.036415
-0.048635
0.011629
0.021588
0.007384
0.017446
-0.094787
-0.026479
0.043772
-0.061518
0.005553
0.001625
-0.015089
0.031355
0.062914
0.080019
0.006542
-0.038966
0.001272
-0.011980
-0.061664
-0.036088
-0.018541
-0.059387
0.012835
-0.014985
-0.113891
-0.052532
0.077946
0.007196
-0.007014
-0.018825
0.030255
0.034638
-0.017107
0.008525
0.022552
-0.099800
-0.022523
0.006027
0.013527
0.059506
0.076161
-0.035574
-0.024264
-0.027875
-0.029641
-0.042822
-0.058036
0.011272
-0.030792
-0.003003
0.025651
-0.030978
-0.024178
0.025450
0.020275
0.039193
-0.030644
0.043036
0.038181
-0.043447
-0.054535
0.003728
0.054643
0.007050
0.028648
-0.001081
0.085111
-0.097910
-0.069719
0.188283
0.103870
-0.091379
0.033761
0.030622
0.022567
0.039903
0.057491
0.050501
0.007013
0.035226
0.029061
0.027076
-0.011126
-0.030160
-0.066591
0.014969
-0.029777
-0.022395
-0.004448
0.029925
0.008906
0.029275
0.007095
0.032078
-0.014954
-0.078905
-0.009212
-0.031839
-0.001597
-0.032714
-0.005393
-0.089281
-0.213811
-0.047481
-0.044092
-0.406143
-0.252528
0.136757
-0.154661
-0.073103
0.038906
0.076776
0.091961
0.055587
0.120312
0.077805
-0.025002
0.060977
0.007234
0.001407
0.059591
0.029837
0.004015
0.055600
0.032304
0.019330
0.027635
0.049892
-0.039964
-0.008093
-0.014791
0.020646
0.024219
-0.031539
0.000557
-0.021593
-0.013379
0.018009
-0.020977
0.028622
0.033422
0.010066
0.016985
-0.031007
0.015454
0.026908
0.127815
0.100007
-0.012089
0.110689
0.035872
0.029230
-0.009000
-0.002650
-0.033232
-0.047213
-0.020743
-0.002588
-0.056070
-0.027215
-0.038326
0.033623
-0.006143
-0.012490
-0.083867
-0.021148
0.000544
-0.027363
-0.031020
0.015670
0.036296
0.051100
0.023838
0.028226
0.022119
-0.028253
-0.009187
-0.002326
-0.018628
-0.015733
-0.020923
-0.053442
0.066571
0.020708
0.010807
-0.002212
0.024911
0.009859
-0.033847
0.015125
-0.016479
-0.003280
-0.027645
0.002356
-0.007239
-0.024826
0.010645
-0.017058
-0.007132
-0.022489
-0.008557
0.002108
0.035033
-0.051227
0.006158
0.006109
0.013345
-0.051252
-0.019738
0.255040
0.139533
-0.058356
0.111887
0.091912
-0.057647
-0.047336
-0.000597
0.014600
0.012593
0.043266
0.025261
0.024149
0.040786
0.013265
0.031017
0.006048
0.046065
-0.053122
0.012169
-0.003288
0.001034
0.041271
0.027934
0.032226
0.023698
-0.008429
0.008261
0.007027
0.002582
-0.021188
0.049000
-0.010520
0.002968
-0.009008
0.017007
-0.158498
-0.049807
0.056067
-0.066757
-0.007136
0.008294
0.043880
0.023088
0.027482
0.005807
-0.022102
-0.000498
-0.042319
-0.091631
-0.010044
0.016101
-0.034151
0.007652
0.014236
0.003844
-0.002109
0.043939
0.036092
-0.027496
0.018677
0.001738
-0.043305
-0.010997
-0.011256
-0.038000
0.052733
0.025987
-0.004579
0.032464
0.049360
0.046723
-0.042231
-0.072014
0.000572
-0.051562
-0.074652
-0.073165
0.084949
0.019292
0.102310
0.035128
0.027676
0.099833
-0.000383
-0.033830
-0.019326
0.075458
0.000375
-0.019560
-0.031217
0.039113
-0.003463
-0.087281
-0.056109
0.001376
0.035121
0.057296
0.037489
0.052037
0.007303
0.062615
-0.022377
-0.143920
-0.106289
0.096944
-0.043606
-0.051507
0.014976
0.084826
0.072009
0.060607
0.075681
0.121332
-0.007421
-0.020883
0.004918
-0.003323
0.070943
0.037428
-0.001466
0.055299
0.076671
-0.057069
-0.030121
0.019526
0.064847
0.014518
-0.023518
0.018557
-0.008077
-0.003391
0.032233
-0.022219
-0.025809
-0.062121
0.125244
0.087698
-0.113707
-0.181361
-0.010358
0.045975
-0.095065
0.012808
0.035652
0.063256
0.122378
-0.095687
-0.085940
0.080153
-0.029663
-0.140813
-0.019181
-0.057545
-0.074308
-0.051694
0.002249
-0.028775
-0.034174
-0.018312
0.001235
-0.028823
0.066821
0.093441
0.153593
-0.145896
-0.221214
0.104912
-0.071175
-0.277335
-0.149357
0.042833
0.014387
0.095106
-0.027655
-0.167928
-0.146314
-0.047248
-0.253836
-0.234227
-0.061041
-0.006102
0.087801
-0.076415
-0.056662
0.057604
-0.030192
0.005617
0.092982
0.064182
0.047456
0.151685
-0.095941
-0.116514
0.095160
-0.098888
-0.167862
-0.114794
-0.057608
-0.000759
-0.016115
-0.123826
-0.131528
-0.139921
-0.019439
-0.069911
-0.083631
-0.059518
-0.052163
-0.096949
-0.070419
-0.095479
-0.075737
0.048238
0.022433
0.017088
-0.038316
-0.042151
0.005273
0.021139
0.029696
-0.004724
-0.018505
0.011009
-0.021931
0.005448
-0.016660
-0.010207
0.004108
0.021162
0.007734
0.001371
0.009666
0.007998
-0.028499
-0.003857
0.040128
-0.021738
-0.018901
0.008031
-0.018018
-0.046123
-0.000311
0.001049
0.001672
0.010208
-0.008146
-0.016719
-0.008421
-0.010412
-0.003441
-0.003985
0.014334
-0.001626
-0.004706
0.023090
0.014207
-0.001333
-0.007630
-0.006520
-0.002186
-0.000696
-0.006105
-0.017846
-0.016186
0.001779
-0.005649
0.026643
0.017279
0.004576
0.039129
0.026160
0.020517
0.048105
0.037685
0.010698
0.044216
0.058405
0.015379
-0.000854
-0.000190
-0.013032
-0.025109
-0.010104
-0.002000
0.009993
-0.022900
-0.004261
-0.007931
0.003755
-0.011966
-0.004467
0.003697
-0.000640
-0.013081
0.024819
0.002237
-0.013593
-0.006895
0.000607
-0.012741
0.001628
-0.008366
-0.000504
-0.016383
0.007723
0.010294
0.018866
-0.003471
-0.013440
0.045890
0.003988
0.115151
0.057334
0.007200
0.053801
0.064010
0.013545
-0.001429
-0.052644
0.007033
0.075817
0.118974
-0.007301
0.005725
0.009227
0.011875
0.032678
0.048011
-0.029338
-0.032197
-0.034734
0.011305
-0.019931
0.020336
0.019820
-0.056684
-0.033865
0.007748
0.092850
0.081857
-0.028299
-0.001188
0.020384
-0.017204
0.008502
0.005431
0.008131
0.019243
0.020562
-0.007457
-0.030182
-0.004176
-0.003408
-0.013258
-0.003838
0.007737
-0.024553
-0.014849
0.010169
-0.025605
-0.117684
-0.083331
-0.005054
-0.104297
-0.151207
-0.051532
-0.020491
-0.052595
0.036282
-0.103248
-0.063274
0.097861
-0.047028
-0.023494
0.121998
0.050183
0.045043
0.022812
-0.040984
-0.000586
0.031869
-0.040254
0.032481
0.068105
-0.141312
-0.044628
-0.122402
-0.080902
-0.044188
-0.019253
-0.021009
-0.079290
-0.048467
-0.015213
0.011315
-0.006791
-0.062347
-0.021360
-0.006769
-0.038535
-0.001884
-0.037011
-0.120982
-0.076858
-0.065487
-0.042173
-0.113028
0.007159
0.007057
-0.048967
0.045702
-0.084727
-0.119615
-0.118068
-0.164183
-0.123492
-0.112065
-0.183051
-0.110861
-0.099157
-0.145474
-0.110521
0.043082
-0.116103
-0.032266
0.037414
-0.137921
-0.051427
0.022879
-0.101244
-0.131221
0.017243
-0.027680
0.024638
0.034477
0.017844
0.016212
-0.081640
-0.119857
-0.101624
-0.021772
0.048359
0.007164
0.005085
0.017189
0.000352
0.035429
0.036256
0.009243
-0.075993
-0.093840
-0.042067
-0.037089
-0.076717
-0.065958
0.068651
-0.104804
-0.087787
0.004483
-0.053792
-0.057147
0.033953
0.030595
-0.008304
-0.033101
0.024875
-0.050764
-0.056195
-0.103804
-0.034484
0.031593
-0.042099
-0.037840
0.092164
-0.046233
-0.035904
0.087641
-0.022811
-0.035887
0.069652
-0.095812
-0.082790
0.070564
-0.168171
-0.156446
0.012221
-0.113112
-0.133367
0.080711
-0.036640
-0.128887
0.056530
-0.048953
-0.111489
0.058036
0.031305
0.046587
0.019623
0.084011
0.020342
0.103057
0.027607
0.015909
0.062793
-0.069050
-0.071891
0.049443
0.145014
0.024637
-0.091629
0.016209
0.034920
0.058977
-0.077830
0.088547
0.034090
-0.020591
-0.031148
-0.009984
0.084505
-0.053507
0.083550
0.196642
0.004477
-0.064007
0.009107
0.029191
-0.053321
-0.176403
0.033051
-0.008241
0.033273
-0.085208
-0.057552
-0.051826
-0.048505
0.018630
-0.022237
0.051195
0.133269
0.117842
0.096813
-0.001246
0.079080
0.058282
-0.057563
-0.091673
0.007248
0.090032
0.087109
0.112489
-0.019976
-0.033964
-0.045187
-0.060838
-0.146325
-0.113309
0.009392
0.018776
0.017142
0.038032
0.044896
0.022322
0.010302
0.119302
0.067514
-0.120005
-0.058094
0.090871
0.011461
-0.002976
-0.013424
0.055790
0.089366
-0.107369
-0.038842
-0.324157
-0.125389
0.126801
0.109972
0.037535
-0.053547
0.203743
0.050107
-0.000674
-0.059676
-0.025045
-0.015751
-0.015637
-0.024417
0.008413
0.038789
0.013941
0.025525
-0.105401
-0.046691
0.014332
-0.223605
-0.097847
0.012970
0.044028
0.046742
-0.033438
-0.145506
-0.135109
-0.071419
-0.159686
-0.084316
-0.020022
-0.106678
-0.018555
0.103462
0.343535
0.107586
-0.153463
-0.054069
0.026657
-0.019559
-0.347021
-0.045310
-0.020449
-0.001800
0.130049
-0.017619
-0.140986
-0.035796
0.080060
-0.007978
-0.079175
-0.094032
-0.170521
-0.091979
0.013986
0.093681
0.053799
-0.004641
0.130002
0.044273
-0.086549
-0.036579
-0.022099
-0.016722
-0.044116
-0.054419
0.072967
0.015807
0.020760
-0.061687
0.097552
0.236646
-0.115138
-0.354249
-0.076077
0.054780
-0.101574
-0.099844
-0.028932
-0.047673
-0.004692
0.025180
-0.003189
-0.115984
0.015347
0.065761
0.024029
-0.063195
-0.143799
0.202172
0.029964
-0.163606
-0.086420
0.152139
0.055712
-0.030002
0.026433
0.053946
0.074182
-0.004342
-0.024185
-0.049205
0.070593
0.010873
-0.102568
-0.101028
-0.057349
0.138637
-0.066419
-0.189086
-0.022982
0.110591
-0.032888
-0.064902
-0.047660
-0.209416
0.043272
0.185810
-0.175327
-0.201663
0.221810
0.094944
-0.016004
0.028545
-0.069057
0.055839
-0.023164
-0.184183
-0.084445
-0.001007
-0.035552
-0.260382
-0.073978
-0.252793
-0.033144
0.103647
-0.014968
-0.159080
0.022803
0.299644
0.063594
0.008190
0.013617
0.032164
-0.013402
0.018118
0.023363
-0.048531
-0.050084
-0.013292
-0.032177
-0.089640
-0.018978
-0.040229
-0.029153
-0.041681
-0.006284
-0.007251
-0.068671
0.010880
-0.115859
-0.017574
0.078493
-0.002256
-0.108754
-0.008208
0.144982
0.035947
0.023857
-0.235854
-0.103990
0.142128
0.147692
-0.147653
-0.027698
0.146480
-0.056357
-0.050291
-0.109227
0.211805
0.035989
-0.224086
-0.051372
0.155284
0.010532
-0.056469
0.014332
-0.045454
0.064664
-0.014725
-0.168471
-0.124493
0.077636
0.082951
-0.012483
-0.025291
-0.019007
0.128565
0.027605
-0.122417
0.112700
0.024822
-0.123674
-0.095011
0.060594
0.026514
0.060244
0.045113
-0.055801
-0.022805
-0.005571
-0.014483
-0.005422
0.030328
0.087310
0.046648
-0.006324
0.064117
0.069303
-0.062162
0.035520
0.038948
-0.032458
0.011452
0.081670
-0.028042
-0.001656
0.057627
-0.038456
0.021033
0.004876
0.015135
0.058686
0.053037
0.002079
0.088937
0.033681
-0.014733
0.052715
-0.017544
0.003535
-0.075891
0.003469
-0.006555
-0.023799
0.023736
-0.004873
-0.074240
0.020121
0.007069
0.021781
-0.010699
-0.012400
-0.003159
0.036535
0.043871
0.032297
0.016531
-0.066033
0.021346
0.017153
-0.040294
0.026546
0.031239
-0.016390
0.088530
0.029532
0.021226
0.006705
-0.129881
-0.037978
-0.128646
-0.146495
0.025504
-0.031550
-0.110045
-0.011164
-0.051869
0.208695
-0.037082
-0.015109
0.188015
-0.017055
0.053631
0.164287
-0.006149
0.041976
-0.027689
0.004302
0.031208
-0.083080
-0.006854
0.024361
-0.046667
0.004491
-0.019291
0.043415
0.011093
0.011346
0.035147
-0.008285
-0.002202
-0.000337
-0.025272
-0.036598
-0.036888
-0.049043
-0.076323
-0.043649
-0.020452
-0.038417
-0.002985
0.002286
-0.016267
-0.011006
0.009485
0.019318
0.002430
0.029859
0.029237
-0.050711
0.040888
-0.053061
0.020743
-0.018919
-0.058000
-0.002911
0.065225
-0.008879
0.004146
0.089253
-0.022010
-0.106686
0.015868
-0.034169
-0.123097
0.141987
0.004594
-0.093147
0.007916
0.060018
0.022944
-0.056437
0.039631
0.033939
-0.008364
0.038139
0.008356
-0.060678
-0.007112
0.009398
-0.040666
-0.010607
0.010340
-0.028062
-0.056319
-0.000579
0.085863
-0.111647
-0.086554
0.137188
-0.121611
-0.220004
0.206298
0.041006
-0.082233
0.068636
-0.056211
-0.069579
0.091170
-0.044588
-0.043302
0.132624
-0.075850
-0.023414
-0.009784
0.008808
-0.092600
-0.012274
0.040967
-0.102367
-0.051251
0.051736
-0.029838
0.025499
-0.016907
-0.023300
-0.007394
-0.019377
-0.055579
0.065271
0.031162
-0.039541
0.040826
0.019973
-0.026602
0.078458
0.009879
-0.049351
0.046540
0.058657
0.038595
-0.011336
0.001422
-0.029889
-0.016707
0.020826
-0.029311
0.008751
0.019602
-0.002570
-0.022342
-0.078043
0.020929
0.023280
-0.119889
-0.032639
0.073182
-0.034906
-0.025462
-0.018038
0.017006
0.073228
-0.058569
-0.032354
0.096270
-0.122705
-0.123688
0.004000
0.043734
-0.037072
0.001666
0.055286
-0.109805
0.019699
0.131031
-0.072663
-0.027767
0.002396
-0.028296
-0.008210
-0.000797
-0.032849
0.008275
-0.024371
-0.031119
-0.007993
0.000732
-0.020562
0.030028
-0.053501
-0.013382
-0.010251
0.064574
-0.085962
-0.019228
-0.041005
-0.016839
0.019794
-0.018456
-0.066077
0.019982
0.013431
-0.042266
0.001203
-0.001002
0.019206
-0.095738
0.166664
0.092816
-0.249778
-0.013464
0.184029
-0.037357
-0.002783
0.034560
0.027093
-0.082526
0.065325
0.110843
-0.056813
-0.029366
0.120635
-0.010944
-0.008938
0.085555
-0.061202
-0.067468
0.015128
0.014600
-0.038868
-0.028741
0.058619
0.003558
-0.043513
-0.003050
0.043631
0.003001
-0.009367
0.021039
-0.048119
-0.048490
-0.114204
-0.000167
0.017284
-0.082436
0.032053
0.062677
-0.085517
0.176293
0.105901
-0.094314
0.013596
0.066548
-0.037509
0.107697
0.039453
-0.170656
0.032033
0.017500
0.019298
0.096312
-0.080791
-0.098131
0.023879
0.072318
-0.056987
0.147478
0.018222
-0.088778
0.031690
0.026383
-0.016432
0.023467
0.058877
-0.053532
0.075704
0.026508
0.074819
0.050825
0.016311
0.025356
0.040524
0.082608
0.104881
0.171871
-0.016520
-0.087085
0.015711
-0.073670
-0.090884
0.044463
0.029603
-0.011874
0.097977
-0.046527
-0.036637
-0.118834
-0.014162
0.030828
-0.024275
-0.168718
-0.262788
-0.184963
0.058068
-0.064900
0.034776
0.001947
-0.041856
-0.002800
0.083314
-0.064944
0.094942
-0.090627
-0.107553
0.005840
0.086527
-0.017950
0.137127
-0.088822
-0.171455
0.012381
-0.022060
-0.023225
0.054003
-0.002147
-0.042318
0.001937
-0.060473
-0.048392
0.028400
-0.066426
-0.103492
-0.170891
-0.052374
-0.003401
-0.042449
-0.123573
-0.187725
0.061523
0.003334
0.043465
0.081272
0.074213
0.013361
0.048717
0.088870
-0.085325
0.022585
0.075336
0.030285
0.136631
-0.184866
-0.176782
-0.027144
-0.072151
-0.082927
0.096827
-0.069299
-0.093623
-0.226008
0.265849
0.192525
0.095739
-0.176826
-0.296350
-0.216617
0.053799
-0.005938
0.075089
0.142085
0.105657
0.147384
0.089763
-0.097264
0.180375
-0.056718
-0.083083
0.017513
-0.032658
-0.039634
0.046590
-0.065803
-0.032377
-0.014456
0.006510
0.027212
-0.018303
0.002280
-0.015110
-0.009533
0.011973
0.000999
-0.001298
0.062642
0.171050
-0.007129
0.020629
0.163295
-0.006885
-0.058906
-0.076406
-0.117563
0.061096
-0.028778
-0.008697
0.071848
-0.029083
-0.061914
-0.046090
-0.021843
-0.011566
0.056828
0.107508
-0.048188
0.088225
0.073303
-0.030326
-0.051090
-0.042421
-0.007688
-0.022404
-0.059383
-0.020301
0.015629
-0.017135
-0.040105
0.046189
0.012837
0.002069
0.009231
0.054709
0.010689
0.031020
0.040478
0.009277
-0.037988
-0.028270
-0.078903
-0.005387
0.001433
0.015576
-0.022086
-0.027181
0.000104
-0.025898
-0.027698
0.011287
-0.021512
-0.021139
-0.024318
0.009855
-0.029620
0.009372
0.012939
-0.025387
0.001492
-0.277137
-0.248973
0.039752
-0.089913
-0.119411
0.092968
0.146083
0.131389
0.012068
0.034437
0.008922
-0.020286
-0.007047
-0.018633
-0.025970
-0.018445
-0.023183
-0.014103
0.106754
0.129827
0.006956
-0.079324
-0.067994
0.033357
-0.043425
0.022457
0.084507
0.006719
0.001796
0.004419
-0.005260
-0.004969
-0.007623
-0.027875
0.012207
-0.007414
0.295429
0.349067
-0.203666
0.151029
0.174206
-0.222051
-0.254579
-0.129476
-0.086887
-0.001332
-0.068017
-0.010284
0.157563
0.057053
-0.095834
0.061289
-0.076298
-0.074948
0.012226
-0.037793
0.046967
-0.027636
0.016285
0.060093
0.025522
0.065612
0.034005
0.119370
0.061088
-0.037190
-0.017167
-0.019509
-0.007291
-0.014914
-0.027335
-0.025692
-0.175808
-0.057842
-0.135633
-0.183819
-0.095627
-0.148962
-0.059905
-0.011266
-0.100272
-0.041845
-0.035959
-0.085762
-0.094410
-0.065387
-0.054350
-0.031131
-0.020649
-0.007469
0.017771
-0.028884
0.015035
-0.091344
-0.120455
-0.111958
-0.071499
-0.065092
-0.021767
-0.072054
-0.010641
-0.059514
-0.013241
-0.043080
-0.083249
-0.007501
0.089288
0.069451
0.102873
-0.006036
0.080767
0.088008
-0.053594
0.003866
0.054998
-0.099454
-0.026232
-0.018058
-0.054095
0.035420
-0.025669
-0.055542
-0.054242
-0.026813
-0.013054
0.016533
-0.041441
0.002318
0.040272
-0.114849
-0.079017
-0.081634
0.023360
0.047049
0.080005
-0.168754
-0.127310
-0.190162
-0.213182
-0.078050
-0.122450
-0.174335
-0.071173
-0.080602
-0.024936
-0.002044
0.088028
-0.000615
0.033206
-0.002201
-0.049934
-0.068901
-0.110360
-0.011001
-0.016721
0.010181
0.034487
0.011989
-0.063498
0.039298
0.000080
-0.013204
-0.124521
-0.162307
-0.130464
-0.102426
-0.152585
-0.035381
0.089585
0.059932
0.092158
-0.131049
-0.156414
-0.086033
-0.042064
-0.099863
-0.024471
-0.002682
-0.062230
0.051331
-0.003948
-0.052116
-0.014351
-0.105234
-0.080550
0.022769
-0.051066
0.063496
0.149872
0.054752
0.079061
0.074429
-0.020908
0.003040
-0.012971
-0.002684
-0.013179
-0.021584
-0.034189
-0.007912
-0.071460
-0.083089
-0.030767
-0.119836
0.061077
0.032818
-0.012461
-0.033601
0.025191
-0.000770
0.043101
0.061564
-0.038285
0.051978
-0.008167
0.046454
-0.098714
-0.104427
-0.069716
0.015997
0.130699
0.055659
0.025829
0.118522
0.058545
-0.028379
0.150413
-0.126594
-0.003127
0.015157
-0.096809
0.005338
-0.073608
0.094415
0.039474
-0.219942
-0.080623
-0.068300
-0.070067
0.115458
-0.091454
0.077700
0.195624
-0.036790
-0.202109
-0.039198
-0.151170
0.031519
0.092798
-0.111716
0.070072
0.064833
0.054397
-0.161321
-0.070614
-0.025741
-0.119513
0.053932
-0.044111
-0.055614
0.060541
0.086060
-0.062675
-0.075595
0.009538
-0.065963
-0.001214
0.029566
-0.024537
0.026813
0.032669
0.049403
0.016636
0.022656
-0.046130
-0.133912
-0.001041
-0.113422
-0.085260
0.001524
0.143099
-0.133144
-0.003362
-0.095167
-0.120266
0.074456
-0.140818
0.039345
-0.089675
-0.026026
0.020439
0.018772
0.036905
-0.050672
0.016492
-0.024206
0.016570
0.070108
0.015765
0.048636
0.008318
0.008180
0.056827
0.044336
0.041321
0.076589
-0.092734
-0.119698
0.100369
-0.027825
0.062122
0.064520
-0.017933
0.078467
-0.100505
-0.043833
-0.042348
0.138418
0.057769
0.059210
-0.028933
0.011878
-0.009021
-0.058382
0.160723
-0.282768
-0.228826
-0.188463
-0.362837
0.336260
-0.087648
-0.030379
0.419643
0.005261
-0.158900
-0.006025
-0.061120
-0.019235
0.082088
-0.017047
-0.061756
0.179677
-0.010203
0.091148
0.026384
0.072765
0.020979
-0.112070
0.010814
-0.102449
-0.086401
0.041956
-0.013081
0.022081
-0.045315
-0.014122
0.064745
-0.037176
0.024698
0.087588
-0.071769
-0.236074
-0.021161
-0.157641
-0.263784
0.028795
0.045589
-0.103044
-0.080834
-0.016581
-0.097212
0.075188
-0.071950
-0.022831
0.131441
0.038500
-0.045802
-0.083969
-0.030988
0.018302
-0.000804
0.015726
0.058303
-0.058417
0.035756
0.019590
-0.061223
0.036907
-0.044687
0.006363
-0.064993
-0.100287
0.107635
-0.035526
-0.081389
0.104139
-0.041804
0.006249
0.028666
-0.022084
0.032210
0.025693
-0.015374
0.021308
-0.062977
-0.039921
-0.008822
0.037864
-0.054828
0.011161
0.069215
-0.007067
0.029512
0.000508
-0.119721
-0.131407
0.062814
-0.125205
0.018054
0.159608
0.083600
0.056665
-0.032329
-0.057765
-0.037330
0.130804
0.002938
0.133856
0.144000
0.071290
0.044841
0.042689
0.021351
-0.015224
0.043458
-0.044022
-0.044117
0.070225
0.006041
-0.013611
0.021592
-0.014770
0.016978
0.058816
0.000643
0.035296
0.088860
-0.005463
0.009603
0.066927
0.006694
-0.045207
0.019617
-0.118704
-0.096720
0.206821
-0.005185
0.022347
0.012234
-0.034034
-0.084593
-0.090573
-0.067702
-0.080008
0.071519
0.026805
-0.038533
-0.001879
-0.135558
-0.043095
0.131910
-0.091364
0.102820
0.063910
0.051298
0.038081
-0.070382
-0.078935
-0.018202
0.025834
-0.040105
-0.014242
0.072960
-0.040698
0.041973
0.020164
-0.043994
-0.079417
-0.006137
-0.117150
0.041699
0.121105
0.114279
0.038364
-0.083939
0.004067
0.025221
0.003330
-0.050489
0.016714
0.030267
-0.017664
0.009677
0.053178
-0.149668
-0.048873
0.061997
-0.085013
-0.034677
-0.021112
-0.004070
0.046635
0.083233
-0.127846
-0.122737
-0.164179
-0.075789
-0.042465
-0.066849
0.022693
0.079078
0.005069
0.044878
0.010883
0.034169
-0.031524
0.018262
-0.026006
-0.042250
-0.047034
0.049611
-0.132336
-0.127932
-0.096982
-0.111652
-0.090940
-0.030027
0.004350
-0.030157
0.129451
0.109862
-0.029013
0.023427
0.072282
-0.092447
0.000622
-0.041225
-0.128653
-0.042072
0.064728
-0.011900
0.016086
0.014161
-0.081339
-0.034448
-0.071957
-0.064400
-0.041946
0.050293
0.111354
0.058464
0.017162
-0.011367
-0.082249
-0.140575
-0.166936
-0.211068
0.015963
-0.007916
-0.043779
-0.028342
0.014465
0.086471
-0.123392
-0.074104
0.067448
-0.017820
-0.022974
0.055536
0.004347
-0.034422
0.021990
-0.050871
-0.084784
-0.004509
-0.088244
-0.151779
-0.085928
-0.109722
-0.088660
-0.046230
-0.076646
-0.036464
-0.037769
-0.027551
-0.045568
0.003961
-0.104496
-0.202846
-0.016730
-0.054355
-0.166503
-0.036827
-0.065000
-0.069391
-0.258051
-0.177407
-0.057864
-0.289618
-0.200099
-0.122277
-0.237485
0.086562
-0.014908
0.021969
-0.062416
-0.152039
-0.045770
-0.067129
-0.095162
0.016063
0.079493
0.023691
0.033116
-0.085437
-0.149204
-0.127334
-0.221805
-0.196584
-0.153771
-0.057246
0.036405
-0.047783
-0.012828
0.020415
0.003255
-0.054954
0.030505
-0.055695
-0.106700
-0.080085
-0.063688
0.022401
0.054369
0.064831
0.110226
0.148013
0.058446
0.041135
0.089106
0.049771
0.049837
0.117386
0.120114
0.030619
0.057209
0.117628
0.004415
-0.052983
-0.022613
0.080109
0.002492
-0.117985
0.090403
0.003795
-0.012900
-0.050518
0.031648
0.065776
-0.035010
-0.051921
0.034958
-0.009690
-0.011097
0.019317
-0.026947
-0.096326
-0.052003
0.075552
-0.015689
-0.101873
0.125921
0.051048
0.003846
0.037211
0.076767
0.112706
-0.043178
0.031567
0.111774
-0.034810
-0.006849
0.073746
-0.025399
0.015646
0.034005
-0.025949
0.038680
0.040009
-0.056015
0.001342
0.032454
0.022449
0.039094
-0.085732
0.031791
0.057124
-0.032906
0.006704
-0.003931
0.020246
-0.049440
-0.196998
-0.014245
-0.041657
-0.328062
-0.105323
-0.021916
-0.262340
-0.025435
0.031256
-0.000719
0.039685
-0.030661
-0.055369
0.024223
0.018520
-0.026211
0.035234
0.071160
0.022248
-0.038895
0.086219
0.024124
-0.020474
0.091544
0.030124
0.003436
-0.012288
-0.014068
0.048705
-0.027072
-0.031264
-0.012651
0.004032
-0.009372
-0.019783
-0.009854
-0.009998
-0.029753
-0.007276
-0.026725
-0.103303
-0.021041
0.046935
-0.028775
0.073140
-0.021917
-0.083337
0.132653
-0.013937
-0.129436
0.120521
0.036278
-0.057447
0.049718
0.036486
-0.025710
-0.032869
-0.020083
0.018014
-0.017336
0.039577
-0.021588
-0.028010
-0.030550
-0.023602
-0.002792
-0.011247
-0.069100
-0.044932
-0.054400
0.027929
-0.008191
-0.043777
-0.064863
0.033639
-0.035637
-0.074700
0.083754
0.002479
-0.025838
0.031921
0.075316
-0.042412
-0.013441
-0.083699
-0.082422
0.014499
-0.007518
-0.036051
0.083338
-0.044976
-0.000345
-0.043012
-0.310466
-0.081660
0.068317
-0.143386
-0.068887
-0.120878
0.003103
-0.041295
-0.125830
-0.049764
0.014509
-0.090437
0.025154
0.011270
0.200570
0.154597
0.118145
0.032324
-0.166259
-0.037441
0.073135
-0.068873
-0.045769
-0.118592
-0.015712
-0.096292
-0.011207
0.136013
0.104347
-0.085302
0.102357
0.044924
0.061264
0.104074
0.072034
0.037169
-0.021250
0.009898
0.071870
0.024902
0.039816
-0.010108
-0.048959
-0.043759
0.018762
-0.175676
-0.071455
0.053485
0.018343
-0.023376
-0.026388
0.096831
0.029304
-0.091595
0.018986
0.057281
0.033927
0.041849
0.064603
-0.060901
-0.080632
-0.087913
0.003156
0.198208
-0.036150
0.082220
0.078477
0.028129
0.043972
0.035511
0.083538
-0.023839
0.012975
0.066243
0.019904
-0.019979
0.072118
0.012629
-0.026095
-0.010525
-0.072514
-0.128339
0.049416
0.095527
0.085714
0.146737
0.034294
0.199214
0.083761
0.021070
0.027928
0.021871
0.076143
-0.024135
-0.059101
0.266369
-0.055087
0.138374
-0.112116
-0.645637
-0.070988
0.160927
-0.174619
0.010727
0.005957
0.186161
-0.012920
0.167269
0.131119
0.002542
-0.103578
-0.119817
-0.041779
-0.004117
0.017763
-0.018399
-0.094232
-0.127671
0.013705
-0.077555
-0.077826
-0.045960
-0.055232
-0.059465
0.012558
0.013929
-0.043219
-0.024643
-0.069724
-0.097650
-0.077446
0.040178
0.017257
-0.084290
0.022103
-0.254501
-0.138726
0.086506
-0.097852
-0.064060
0.076440
0.083364
0.080110
0.038118
-0.058228
-0.063104
-0.002537
-0.123280
-0.064225
-0.052500
-0.032009
-0.064022
0.030544
0.012517
-0.037953
0.026727
0.115493
0.090279
-0.005076
0.087278
0.071326
0.079501
0.005267
0.016007
0.052098
-0.093715
-0.073071
-0.009449
-0.083033
-0.049744
0.026412
-0.089317
-0.021516
0.073284
0.017128
0.054962
0.043283
0.021952
-0.004638
0.045669
-0.099247
-0.040441
0.082811
-0.000271
0.004919
-0.008646
-0.025259
-0.120528
0.060457
-0.263110
-0.283570
0.008784
-0.169371
-0.173630
0.040810
0.062965
-0.003826
0.000676
-0.173870
-0.137434
-0.062990
-0.195568
-0.082027
0.062652
0.025734
0.036701
0.055513
-0.016793
0.006814
0.069140
-0.050861
0.007439
0.024940
-0.032372
-0.040506
-0.034716
-0.029451
-0.034888
-0.030217
-0.060829
-0.036877
0.072845
-0.023217
0.018638
0.110266
-0.218355
-0.126159
0.088642
-0.130445
-0.153079
-0.030423
0.059652
-0.092660
0.079247
-0.120055
-0.067595
0.074458
-0.046264
0.025815
0.120585
0.064609
0.122590
-0.041394
-0.088677
-0.026419
-0.078411
-0.028989
0.061732
0.009070
0.041301
0.065907
-0.008938
-0.004399
0.075202
-0.034664
0.046569
0.129591
0.053887
0.075629
0.003878
-0.007730
-0.198274
-0.208950
0.022639
-0.190644
-0.155440
0.055042
0.068423
0.102175
0.034303
-0.003182
-0.003052
-0.071332
-0.079726
-0.068447
0.008417
0.006787
-0.006139
-0.142945
-0.312524
-0.120899
-0.228821
-0.143064
0.049409
0.043204
0.040583
0.018144
-0.029337
0.006416
-0.029144
0.017816
-0.083046
-0.000552
0.076894
0.054030
0.025764
-0.011903
-0.094113
-0.010906
-0.078788
-0.041970
0.015072
-0.106483
-0.096596
-0.090055
-0.004832
0.056463
0.009993
0.085351
0.065516
0.017046
0.098087
0.104013
0.167105
0.098648
0.053690
-0.021968
-0.086597
-0.110061
-0.056978
0.161866
0.157949
0.104059
-0.051910
-0.128337
-0.127399
-0.135604
-0.158206
-0.045835
0.005146
0.064122
0.080749
0.138322
0.171086
0.088539
0.151357
-0.011043
-0.030141
-0.082948
0.024503
-0.050307
-0.045301
-0.150009
-0.081790
-0.188202
-0.319406
0.023647
0.102448
0.128287
0.067699
0.085618
-0.019326
-0.074107
-0.085803
-0.099117
-0.044409
-0.030725
-0.003953
-0.026842
-0.042607
-0.039054
-0.006867
-0.047594
-0.032957
-0.002485
-0.073781
-0.033044
-0.008241
0.004319
-0.017731
-0.030703
-0.041345
-0.096276
-0.045216
0.131339
0.125427
-0.029779
-0.021013
-0.162276
-0.045487
-0.000624
0.065263
0.092021
-0.009714
-0.003051
0.067512
0.024743
-0.043369
-0.041561
0.001869
0.012576
0.030584
0.058641
0.007985
0.023331
0.031718
-0.062180
0.002602
-0.056738
0.046381
0.040625
-0.008756
0.036495
0.041855
0.011875
-0.001649
-0.019388
0.012610
-0.094960
0.073476
-0.001530
0.000665
0.009514
0.001173
0.015325
0.013176
-0.042581
-0.053112
-0.032971
0.029999
0.215285
-0.073390
0.088519
0.162836
-0.004735
-0.042460
-0.369603
0.060891
-0.103234
0.002324
0.098619
-0.115302
0.063896
0.078102
-0.011835
-0.042685
0.060946
0.082054
0.039594
-0.086389
0.078735
0.004279
-0.067795
0.024202
-0.025265
-0.042282
-0.004476
-0.048169
0.022627
-0.082723
-0.074655
0.069336
-0.071960
0.035778
0.076140
-0.008830
0.048655
0.046268
0.005722
0.033189
0.001158
0.038015
-0.044241
-0.053174
-0.091220
0.018264
0.025727
-0.051776
0.001037
0.026235
0.015130
-0.063702
-0.046146
0.018324
-0.053929
0.033103
-0.018062
-0.033651
-0.039395
0.021351
0.000675
-0.007770
-0.001938
-0.263876
0.057082
0.020943
-0.026843
-0.017570
0.033423
0.190291
-0.091330
-0.206339
0.063217
0.169766
-0.123846
-0.023181
0.106066
0.144402
-0.037072
-0.084357
0.015859
-0.000126
0.033811
0.011421
0.012867
0.028844
0.022774
0.025655
0.020727
-0.012814
-0.100119
-0.002095
-0.081568
-0.027723
-0.007873
0.002158
0.018315
-0.048929
-0.007585
0.044658
0.053551
0.056942
0.072034
-0.122775
0.072544
-0.062381
-0.017417
-0.082964
-0.111685
0.105039
-0.337707
0.036701
0.265685
-0.156253
0.068144
0.178472
0.089497
0.057760
-0.130276
0.172728
0.025060
-0.193953
0.084915
-0.126636
-0.054321
-0.072214
-0.028187
-0.022642
-0.039404
-0.014537
-0.025887
-0.063067
-0.013216
0.026802
-0.068846
-0.018125
0.031910
-0.040727
0.008424
0.038732
-0.026164
0.009682
0.057075
